ID,BA,PPO,Nreads.tot
ASV_1,1348438,917537,2265975
ASV_10,50917,45728,96645
ASV_100,4287,2514,6801
ASV_1000,220,20,240
ASV_1001,238,0,238
ASV_1002,89,148,237
ASV_1003,225,12,237
ASV_1004,237,0,237
ASV_1005,236,0,236
ASV_1006,236,0,236
ASV_1007,236,0,236
ASV_1008,85,150,235
ASV_1009,139,96,235
ASV_101,2691,4034,6725
ASV_1010,213,21,234
ASV_1011,30,204,234
ASV_1012,200,34,234
ASV_1013,234,0,234
ASV_1014,234,0,234
ASV_1015,176,57,233
ASV_1016,178,55,233
ASV_1017,60,173,233
ASV_1018,233,0,233
ASV_1019,90,142,232
ASV_102,4236,2420,6656
ASV_1020,0,231,231
ASV_1021,54,178,232
ASV_1022,60,171,231
ASV_1023,0,231,231
ASV_1024,231,0,231
ASV_1025,203,27,230
ASV_1026,230,0,230
ASV_1027,0,229,229
ASV_1028,229,0,229
ASV_1029,227,1,228
ASV_103,6583,0,6583
ASV_1030,55,172,227
ASV_1031,14,213,227
ASV_1032,76,151,227
ASV_1033,0,227,227
ASV_1034,0,226,226
ASV_1035,226,0,226
ASV_1036,194,0,194
ASV_1037,225,0,225
ASV_1038,219,5,224
ASV_1039,202,21,223
ASV_104,6442,3,6445
ASV_1040,223,0,223
ASV_1041,223,0,223
ASV_1042,0,222,222
ASV_1043,0,222,222
ASV_1044,222,0,222
ASV_1045,67,154,221
ASV_1046,42,178,220
ASV_1047,186,34,220
ASV_1048,220,0,220
ASV_1049,152,67,219
ASV_105,6426,2,6428
ASV_1050,135,84,219
ASV_1051,219,0,219
ASV_1052,217,0,217
ASV_1053,214,2,216
ASV_1054,13,202,215
ASV_1055,5,210,215
ASV_1056,5,210,215
ASV_1057,0,215,215
ASV_1058,0,214,214
ASV_1059,214,0,214
ASV_106,3734,2609,6343
ASV_1060,128,85,213
ASV_1061,207,6,213
ASV_1062,20,192,212
ASV_1063,0,211,211
ASV_1064,211,0,211
ASV_1065,211,0,211
ASV_1066,200,10,210
ASV_1067,188,22,210
ASV_1068,0,210,210
ASV_1069,206,4,210
ASV_107,4733,1595,6328
ASV_1070,210,0,210
ASV_1071,186,23,209
ASV_1072,209,0,209
ASV_1073,79,129,208
ASV_1074,191,17,208
ASV_1075,72,135,207
ASV_1076,0,208,208
ASV_1077,0,208,208
ASV_1078,199,9,208
ASV_1079,0,207,207
ASV_108,3659,2664,6323
ASV_1080,3,204,207
ASV_1081,144,62,206
ASV_1082,206,0,206
ASV_1083,206,0,206
ASV_1084,206,0,206
ASV_1085,163,42,205
ASV_1086,198,7,205
ASV_1087,88,116,204
ASV_1088,0,204,204
ASV_1089,204,0,204
ASV_109,4786,1413,6199
ASV_1090,204,0,204
ASV_1091,203,0,203
ASV_1092,203,0,203
ASV_1093,0,202,202
ASV_1094,202,0,202
ASV_1095,54,147,201
ASV_1096,200,0,200
ASV_1097,200,0,200
ASV_1098,145,54,199
ASV_1099,158,41,199
ASV_11,49633,35778,85411
ASV_110,1625,4546,6171
ASV_1100,193,6,199
ASV_1101,8,190,198
ASV_1102,193,5,198
ASV_1103,198,0,198
ASV_1104,198,0,198
ASV_1105,198,0,198
ASV_1106,190,7,197
ASV_1107,196,1,197
ASV_1108,196,1,197
ASV_1109,197,0,197
ASV_111,6160,3,6163
ASV_1110,54,142,196
ASV_1111,0,4,4
ASV_1112,165,30,195
ASV_1113,62,133,195
ASV_1114,158,37,195
ASV_1115,2,192,194
ASV_1116,80,113,193
ASV_1117,98,94,192
ASV_1118,142,50,192
ASV_1119,192,0,192
ASV_112,5103,980,6083
ASV_1120,90,101,191
ASV_1121,146,45,191
ASV_1122,153,38,191
ASV_1123,191,0,191
ASV_1124,191,0,191
ASV_1125,191,0,191
ASV_1126,143,47,190
ASV_1127,146,43,189
ASV_1128,178,11,189
ASV_1129,189,0,189
ASV_113,3412,2650,6062
ASV_1130,189,0,189
ASV_1131,189,0,189
ASV_1132,171,17,188
ASV_1133,0,188,188
ASV_1134,10,178,188
ASV_1135,0,188,188
ASV_1136,188,0,188
ASV_1137,188,0,188
ASV_1138,188,0,188
ASV_1139,186,1,187
ASV_114,426,5619,6045
ASV_1140,164,23,187
ASV_1141,187,0,187
ASV_1142,132,54,186
ASV_1143,186,0,186
ASV_1144,186,0,186
ASV_1145,105,80,185
ASV_1146,167,18,185
ASV_1147,185,0,185
ASV_1148,149,35,184
ASV_1149,108,76,184
ASV_115,4347,1658,6005
ASV_1150,1,182,183
ASV_1151,182,1,183
ASV_1152,1,182,183
ASV_1153,183,0,183
ASV_1154,183,0,183
ASV_1155,3,179,182
ASV_1156,142,40,182
ASV_1157,51,131,182
ASV_1158,182,0,182
ASV_1159,181,0,181
ASV_116,5763,212,5975
ASV_1160,181,0,181
ASV_1161,181,0,181
ASV_1162,142,38,180
ASV_1163,162,18,180
ASV_1164,180,0,180
ASV_1165,180,0,180
ASV_1166,70,109,179
ASV_1167,179,0,179
ASV_1168,172,6,178
ASV_1169,84,94,178
ASV_117,684,5287,5971
ASV_1170,177,1,178
ASV_1171,178,0,178
ASV_1172,178,0,178
ASV_1173,75,102,177
ASV_1174,177,0,177
ASV_1175,177,0,177
ASV_1176,68,108,176
ASV_1177,143,33,176
ASV_1178,0,176,176
ASV_1179,176,0,176
ASV_118,4529,1403,5932
ASV_1180,176,0,176
ASV_1181,159,16,175
ASV_1182,115,60,175
ASV_1183,175,0,175
ASV_1184,175,0,175
ASV_1185,5,169,174
ASV_1186,174,0,174
ASV_1187,174,0,174
ASV_1188,169,4,173
ASV_1189,140,33,173
ASV_119,224,5669,5893
ASV_1190,170,3,173
ASV_1191,173,0,173
ASV_1192,173,0,173
ASV_1193,6,166,172
ASV_1194,155,17,172
ASV_1195,74,98,172
ASV_1196,172,0,172
ASV_1197,172,0,172
ASV_1198,0,171,171
ASV_1199,170,0,170
ASV_12,62383,10243,72626
ASV_120,5727,129,5856
ASV_1200,152,17,169
ASV_1201,93,76,169
ASV_1202,0,169,169
ASV_1203,127,41,168
ASV_1204,123,45,168
ASV_1205,168,0,168
ASV_1206,87,80,167
ASV_1207,1,166,167
ASV_1208,0,167,167
ASV_1209,4,163,167
ASV_121,2236,3576,5812
ASV_1210,149,18,167
ASV_1211,161,5,166
ASV_1212,157,9,166
ASV_1213,62,103,165
ASV_1214,163,2,165
ASV_1215,165,0,165
ASV_1216,46,118,164
ASV_1217,2,162,164
ASV_1218,146,18,164
ASV_1219,0,164,164
ASV_122,3016,2791,5807
ASV_1220,160,4,164
ASV_1221,134,0,134
ASV_1222,164,0,164
ASV_1223,2,161,163
ASV_1224,104,59,163
ASV_1225,0,163,163
ASV_1226,15,148,163
ASV_1227,0,163,163
ASV_1228,155,8,163
ASV_1229,0,163,163
ASV_123,5440,367,5807
ASV_1230,0,163,163
ASV_1231,163,0,163
ASV_1232,160,2,162
ASV_1233,0,162,162
ASV_1234,142,20,162
ASV_1235,0,162,162
ASV_1236,1,161,162
ASV_1237,1,161,162
ASV_1238,162,0,162
ASV_1239,162,0,162
ASV_124,5747,0,5747
ASV_1240,87,74,161
ASV_1241,156,5,161
ASV_1242,0,160,160
ASV_1243,1,159,160
ASV_1244,160,0,160
ASV_1245,160,0,160
ASV_1246,0,159,159
ASV_1247,147,12,159
ASV_1248,136,23,159
ASV_1249,1,158,159
ASV_125,5152,525,5677
ASV_1250,159,0,159
ASV_1251,96,62,158
ASV_1252,71,87,158
ASV_1253,35,123,158
ASV_1254,156,2,158
ASV_1255,158,0,158
ASV_1256,158,0,158
ASV_1257,136,21,157
ASV_1258,108,49,157
ASV_1259,157,0,157
ASV_126,1635,4061,5696
ASV_1260,157,0,157
ASV_1261,157,0,157
ASV_1262,132,24,156
ASV_1263,150,6,156
ASV_1264,104,52,156
ASV_1265,69,87,156
ASV_1266,156,0,156
ASV_1267,156,0,156
ASV_1268,137,18,155
ASV_1269,120,35,155
ASV_127,3236,2202,5438
ASV_1270,141,14,155
ASV_1271,153,2,155
ASV_1272,105,50,155
ASV_1273,85,69,154
ASV_1274,146,8,154
ASV_1275,126,27,153
ASV_1276,4,149,153
ASV_1277,6,147,153
ASV_1278,0,153,153
ASV_1279,0,152,152
ASV_128,3100,2291,5391
ASV_1280,0,152,152
ASV_1281,81,71,152
ASV_1282,152,0,152
ASV_1283,152,0,152
ASV_1284,152,0,152
ASV_1285,140,11,151
ASV_1286,137,14,151
ASV_1287,86,64,150
ASV_1288,44,106,150
ASV_1289,150,0,150
ASV_129,5349,16,5365
ASV_1290,50,99,149
ASV_1291,147,2,149
ASV_1292,149,0,149
ASV_1293,149,0,149
ASV_1294,149,0,149
ASV_1295,149,0,149
ASV_1296,56,92,148
ASV_1297,0,148,148
ASV_1298,0,148,148
ASV_1299,62,85,147
ASV_13,983,55378,56361
ASV_130,4358,963,5321
ASV_1300,146,1,147
ASV_1301,132,15,147
ASV_1302,147,0,147
ASV_1303,3,143,146
ASV_1304,121,25,146
ASV_1305,140,6,146
ASV_1306,48,98,146
ASV_1307,0,146,146
ASV_1308,146,0,146
ASV_1309,146,0,146
ASV_131,1210,4085,5295
ASV_1310,146,0,146
ASV_1311,146,0,146
ASV_1312,0,145,145
ASV_1313,145,0,145
ASV_1314,145,0,145
ASV_1315,6,138,144
ASV_1316,58,86,144
ASV_1317,143,1,144
ASV_1318,142,2,144
ASV_1319,0,144,144
ASV_132,1,5259,5260
ASV_1320,0,144,144
ASV_1321,144,0,144
ASV_1322,84,59,143
ASV_1323,0,143,143
ASV_1324,143,0,143
ASV_1325,99,43,142
ASV_1326,0,142,142
ASV_1327,142,0,142
ASV_1328,142,0,142
ASV_1329,141,0,141
ASV_133,3007,2238,5245
ASV_1330,141,0,141
ASV_1331,0,140,140
ASV_1332,138,2,140
ASV_1333,140,0,140
ASV_1334,53,86,139
ASV_1335,58,81,139
ASV_1336,136,3,139
ASV_1337,7,132,139
ASV_1338,0,139,139
ASV_1339,139,0,139
ASV_134,4430,723,5153
ASV_1340,139,0,139
ASV_1341,139,0,139
ASV_1342,139,0,139
ASV_1343,0,138,138
ASV_1344,0,138,138
ASV_1345,135,3,138
ASV_1346,124,14,138
ASV_1347,138,0,138
ASV_1348,138,0,138
ASV_1349,137,0,137
ASV_135,3249,1891,5140
ASV_1350,106,30,136
ASV_1351,69,67,136
ASV_1352,0,136,136
ASV_1353,123,13,136
ASV_1354,0,136,136
ASV_1355,136,0,136
ASV_1356,136,0,136
ASV_1357,8,127,135
ASV_1358,126,9,135
ASV_1359,135,0,135
ASV_136,108,5000,5108
ASV_1360,77,57,134
ASV_1361,1,133,134
ASV_1362,134,0,134
ASV_1363,134,0,134
ASV_1364,134,0,134
ASV_1365,134,0,134
ASV_1366,134,0,134
ASV_1367,117,16,133
ASV_1368,1,132,133
ASV_1369,127,6,133
ASV_137,4303,734,5037
ASV_1370,125,8,133
ASV_1371,133,0,133
ASV_1372,129,3,132
ASV_1373,127,5,132
ASV_1374,132,0,132
ASV_1375,132,0,132
ASV_1376,97,34,131
ASV_1377,125,6,131
ASV_1378,128,3,131
ASV_1379,90,41,131
ASV_138,4649,372,5021
ASV_1380,131,0,131
ASV_1381,131,0,131
ASV_1382,131,0,131
ASV_1383,131,0,131
ASV_1384,52,78,130
ASV_1385,124,6,130
ASV_1386,1,129,130
ASV_1387,92,37,129
ASV_1388,117,12,129
ASV_1389,86,43,129
ASV_139,5020,0,5020
ASV_1390,129,0,129
ASV_1391,118,10,128
ASV_1392,10,118,128
ASV_1393,118,10,128
ASV_1394,0,128,128
ASV_1395,115,13,128
ASV_1396,128,0,128
ASV_1397,128,0,128
ASV_1398,128,0,128
ASV_1399,0,127,127
ASV_14,43541,9459,53000
ASV_140,4972,34,5006
ASV_1400,0,127,127
ASV_1401,126,1,127
ASV_1402,127,0,127
ASV_1403,120,6,126
ASV_1404,2,124,126
ASV_1405,115,11,126
ASV_1406,0,126,126
ASV_1407,0,126,126
ASV_1408,126,0,126
ASV_1409,126,0,126
ASV_141,18,4924,4942
ASV_1410,103,22,125
ASV_1411,108,17,125
ASV_1412,125,0,125
ASV_1413,125,0,125
ASV_1414,125,0,125
ASV_1415,125,0,125
ASV_1416,125,0,125
ASV_1417,116,8,124
ASV_1418,18,106,124
ASV_1419,90,34,124
ASV_142,327,4606,4933
ASV_1420,64,60,124
ASV_1421,7,117,124
ASV_1422,112,12,124
ASV_1423,108,16,124
ASV_1424,124,0,124
ASV_1425,105,18,123
ASV_1426,122,1,123
ASV_1427,99,24,123
ASV_1428,50,73,123
ASV_1429,123,0,123
ASV_143,4246,685,4931
ASV_1430,123,0,123
ASV_1431,117,5,122
ASV_1432,111,11,122
ASV_1433,0,122,122
ASV_1434,0,122,122
ASV_1435,84,37,121
ASV_1436,84,37,121
ASV_1437,0,121,121
ASV_1438,81,40,121
ASV_1439,80,41,121
ASV_144,3324,1602,4926
ASV_1440,120,1,121
ASV_1441,0,121,121
ASV_1442,23,98,121
ASV_1443,121,0,121
ASV_1444,93,27,120
ASV_1445,110,10,120
ASV_1446,69,51,120
ASV_1447,120,0,120
ASV_1448,120,0,120
ASV_1449,97,22,119
ASV_145,893,3998,4891
ASV_1450,116,3,119
ASV_1451,0,119,119
ASV_1452,0,119,119
ASV_1453,117,2,119
ASV_1454,119,0,119
ASV_1455,119,0,119
ASV_1456,119,0,119
ASV_1457,41,77,118
ASV_1458,117,1,118
ASV_1459,118,0,118
ASV_146,349,4539,4888
ASV_1460,118,0,118
ASV_1461,118,0,118
ASV_1462,51,66,117
ASV_1463,0,117,117
ASV_1464,96,21,117
ASV_1465,10,107,117
ASV_1466,83,34,117
ASV_1467,117,0,117
ASV_1468,117,0,117
ASV_1469,117,0,117
ASV_147,4666,175,4841
ASV_1470,83,33,116
ASV_1471,114,2,116
ASV_1472,0,116,116
ASV_1473,116,0,116
ASV_1474,116,0,116
ASV_1475,116,0,116
ASV_1476,116,0,116
ASV_1477,46,69,115
ASV_1478,69,46,115
ASV_1479,101,14,115
ASV_148,4288,540,4828
ASV_1480,115,0,115
ASV_1481,115,0,115
ASV_1482,115,0,115
ASV_1483,0,114,114
ASV_1484,100,14,114
ASV_1485,8,106,114
ASV_1486,113,1,114
ASV_1487,111,3,114
ASV_1488,42,72,114
ASV_1489,114,0,114
ASV_149,4408,396,4804
ASV_1490,68,45,113
ASV_1491,76,37,113
ASV_1492,108,5,113
ASV_1493,112,1,113
ASV_1494,2,111,113
ASV_1495,106,6,112
ASV_1496,104,8,112
ASV_1497,0,112,112
ASV_1498,0,112,112
ASV_1499,0,112,112
ASV_15,43863,0,43863
ASV_150,4476,287,4763
ASV_1500,112,0,112
ASV_1501,112,0,112
ASV_1502,112,0,112
ASV_1503,112,0,112
ASV_1504,57,54,111
ASV_1505,0,111,111
ASV_1506,0,111,111
ASV_1507,70,41,111
ASV_1508,107,4,111
ASV_1509,111,0,111
ASV_151,4411,297,4708
ASV_1510,26,81,107
ASV_1511,99,11,110
ASV_1512,62,48,110
ASV_1513,0,110,110
ASV_1514,98,12,110
ASV_1515,101,9,110
ASV_1516,43,67,110
ASV_1517,109,1,110
ASV_1518,108,2,110
ASV_1519,110,0,110
ASV_152,4065,601,4666
ASV_1520,110,0,110
ASV_1521,110,0,110
ASV_1522,13,96,109
ASV_1523,0,109,109
ASV_1524,106,3,109
ASV_1525,109,0,109
ASV_1526,109,0,109
ASV_1527,98,10,108
ASV_1528,78,30,108
ASV_1529,0,108,108
ASV_153,701,3945,4646
ASV_1530,0,108,108
ASV_1531,93,15,108
ASV_1532,106,2,108
ASV_1533,0,108,108
ASV_1534,106,2,108
ASV_1535,108,0,108
ASV_1536,93,14,107
ASV_1537,0,107,107
ASV_1538,72,35,107
ASV_1539,107,0,107
ASV_154,4535,107,4642
ASV_1540,78,28,106
ASV_1541,105,1,106
ASV_1542,105,1,106
ASV_1543,106,0,106
ASV_1544,106,0,106
ASV_1545,65,40,105
ASV_1546,69,36,105
ASV_1547,15,90,105
ASV_1548,37,68,105
ASV_1549,62,43,105
ASV_155,2552,2046,4598
ASV_1550,0,105,105
ASV_1551,0,105,105
ASV_1552,103,0,103
ASV_1553,105,0,105
ASV_1554,10,94,104
ASV_1555,0,104,104
ASV_1556,15,89,104
ASV_1557,2,102,104
ASV_1558,104,0,104
ASV_1559,104,0,104
ASV_156,4455,128,4583
ASV_1560,22,81,103
ASV_1561,91,12,103
ASV_1562,8,95,103
ASV_1563,103,0,103
ASV_1564,103,0,103
ASV_1565,103,0,103
ASV_1566,4,98,102
ASV_1567,92,10,102
ASV_1568,101,1,102
ASV_1569,56,46,102
ASV_157,4470,53,4523
ASV_1570,101,1,102
ASV_1571,100,2,102
ASV_1572,102,0,102
ASV_1573,102,0,102
ASV_1574,100,1,101
ASV_1575,0,101,101
ASV_1576,100,1,101
ASV_1577,101,0,101
ASV_1578,101,0,101
ASV_1579,0,100,100
ASV_158,2802,1575,4377
ASV_1580,54,46,100
ASV_1581,64,36,100
ASV_1582,0,100,100
ASV_1583,93,7,100
ASV_1584,75,25,100
ASV_1585,50,50,100
ASV_1586,100,0,100
ASV_1587,100,0,100
ASV_1588,41,58,99
ASV_1589,97,2,99
ASV_159,4351,1,4352
ASV_1590,87,12,99
ASV_1591,99,0,99
ASV_1592,99,0,99
ASV_1593,99,0,99
ASV_1594,99,0,99
ASV_1595,87,11,98
ASV_1596,97,1,98
ASV_1597,0,98,98
ASV_1598,76,22,98
ASV_1599,98,0,98
ASV_16,1503,34095,35598
ASV_160,3081,1254,4335
ASV_1600,98,0,98
ASV_1601,98,0,98
ASV_1602,75,22,97
ASV_1603,7,90,97
ASV_1604,97,0,97
ASV_1605,97,0,97
ASV_1606,97,0,97
ASV_1607,0,96,96
ASV_1608,0,96,96
ASV_1609,86,10,96
ASV_161,1205,3109,4314
ASV_1610,75,21,96
ASV_1611,94,2,96
ASV_1612,75,21,96
ASV_1613,96,0,96
ASV_1614,96,0,96
ASV_1615,96,0,96
ASV_1616,96,0,96
ASV_1617,96,0,96
ASV_1618,96,0,96
ASV_1619,29,66,95
ASV_162,4293,0,4293
ASV_1620,90,5,95
ASV_1621,48,47,95
ASV_1622,93,2,95
ASV_1623,0,95,95
ASV_1624,83,12,95
ASV_1625,0,95,95
ASV_1626,66,29,95
ASV_1627,95,0,95
ASV_1628,95,0,95
ASV_1629,95,0,95
ASV_163,4200,42,4242
ASV_1630,95,0,95
ASV_1631,95,0,95
ASV_1632,32,62,94
ASV_1633,80,14,94
ASV_1634,90,4,94
ASV_1635,0,94,94
ASV_1636,1,93,94
ASV_1637,0,94,94
ASV_1638,66,28,94
ASV_1639,94,0,94
ASV_164,4021,93,4114
ASV_1640,29,64,93
ASV_1641,0,93,93
ASV_1642,86,7,93
ASV_1643,93,0,93
ASV_1644,0,0,0
ASV_1645,93,0,93
ASV_1646,93,0,93
ASV_1647,93,0,93
ASV_1648,91,1,92
ASV_1649,89,3,92
ASV_165,297,3793,4090
ASV_1650,90,2,92
ASV_1651,72,20,92
ASV_1652,0,92,92
ASV_1653,92,0,92
ASV_1654,92,0,92
ASV_1655,92,0,92
ASV_1656,88,3,91
ASV_1657,91,0,91
ASV_1658,91,0,91
ASV_1659,32,58,90
ASV_166,3000,1057,4057
ASV_1660,1,89,90
ASV_1661,0,90,90
ASV_1662,1,89,90
ASV_1663,25,65,90
ASV_1664,90,0,90
ASV_1665,90,0,90
ASV_1666,90,0,90
ASV_1667,10,79,89
ASV_1668,0,89,89
ASV_1669,0,89,89
ASV_167,4046,1,4047
ASV_1670,48,41,89
ASV_1671,64,25,89
ASV_1672,89,0,89
ASV_1673,89,0,89
ASV_1674,89,0,89
ASV_1675,68,20,88
ASV_1676,28,60,88
ASV_1677,3,85,88
ASV_1678,82,6,88
ASV_1679,0,88,88
ASV_168,1015,3017,4032
ASV_1680,88,0,88
ASV_1681,88,0,88
ASV_1682,88,0,88
ASV_1683,88,0,88
ASV_1684,88,0,88
ASV_1685,15,72,87
ASV_1686,0,87,87
ASV_1687,12,75,87
ASV_1688,59,28,87
ASV_1689,0,87,87
ASV_169,2933,1098,4031
ASV_1690,0,87,87
ASV_1691,0,87,87
ASV_1692,87,0,87
ASV_1693,87,0,87
ASV_1694,87,0,87
ASV_1695,87,0,87
ASV_1696,87,0,87
ASV_1697,0,86,86
ASV_1698,51,35,86
ASV_1699,4,82,86
ASV_17,34285,928,35213
ASV_170,3772,145,3917
ASV_1700,85,1,86
ASV_1701,9,77,86
ASV_1702,86,0,86
ASV_1703,86,0,86
ASV_1704,86,0,86
ASV_1705,86,0,86
ASV_1706,86,0,86
ASV_1707,86,0,86
ASV_1708,86,0,86
ASV_1709,86,0,86
ASV_171,3121,743,3864
ASV_1710,86,0,86
ASV_1711,20,65,85
ASV_1712,9,76,85
ASV_1713,0,85,85
ASV_1714,78,7,85
ASV_1715,0,85,85
ASV_1716,75,10,85
ASV_1717,85,0,85
ASV_1718,85,0,85
ASV_1719,85,0,85
ASV_172,460,3393,3853
ASV_1720,18,66,84
ASV_1721,30,54,84
ASV_1722,76,8,84
ASV_1723,71,13,84
ASV_1724,68,16,84
ASV_1725,83,1,84
ASV_1726,84,0,84
ASV_1727,84,0,84
ASV_1728,84,0,84
ASV_1729,81,2,83
ASV_173,3794,11,3805
ASV_1730,82,1,83
ASV_1731,0,83,83
ASV_1732,83,0,83
ASV_1733,83,0,83
ASV_1734,83,0,83
ASV_1735,83,0,83
ASV_1736,83,0,83
ASV_1737,9,73,82
ASV_1738,28,54,82
ASV_1739,19,63,82
ASV_174,3444,352,3796
ASV_1740,0,82,82
ASV_1741,0,82,82
ASV_1742,42,40,82
ASV_1743,80,2,82
ASV_1744,0,82,82
ASV_1745,82,0,82
ASV_1746,71,10,81
ASV_1747,62,19,81
ASV_1748,0,81,81
ASV_1749,65,16,81
ASV_175,28,3763,3791
ASV_1750,0,81,81
ASV_1751,0,81,81
ASV_1752,81,0,81
ASV_1753,81,0,81
ASV_1754,81,0,81
ASV_1755,81,0,81
ASV_1756,0,80,80
ASV_1757,0,80,80
ASV_1758,0,80,80
ASV_1759,57,23,80
ASV_176,1934,1818,3752
ASV_1760,0,80,80
ASV_1761,80,0,80
ASV_1762,80,0,80
ASV_1763,80,0,80
ASV_1764,70,9,79
ASV_1765,0,79,79
ASV_1766,0,79,79
ASV_1767,79,0,79
ASV_1768,79,0,79
ASV_1769,79,0,79
ASV_177,1,3725,3726
ASV_1770,79,0,79
ASV_1771,79,0,79
ASV_1772,79,0,79
ASV_1773,79,0,79
ASV_1774,79,0,79
ASV_1775,79,0,79
ASV_1776,28,50,78
ASV_1777,44,34,78
ASV_1778,3,75,78
ASV_1779,9,69,78
ASV_178,1697,2009,3706
ASV_1780,63,15,78
ASV_1781,29,49,78
ASV_1782,78,0,78
ASV_1783,78,0,78
ASV_1784,36,41,77
ASV_1785,70,7,77
ASV_1786,2,75,77
ASV_1787,58,19,77
ASV_1788,0,77,77
ASV_1789,26,51,77
ASV_179,119,3586,3705
ASV_1790,9,68,77
ASV_1791,77,0,77
ASV_1792,11,65,76
ASV_1793,74,2,76
ASV_1794,2,74,76
ASV_1795,51,25,76
ASV_1796,76,0,76
ASV_1797,76,0,76
ASV_1798,76,0,76
ASV_1799,76,0,76
ASV_18,205,34375,34580
ASV_180,1781,1924,3705
ASV_1800,76,0,76
ASV_1801,76,0,76
ASV_1802,40,35,75
ASV_1803,0,75,75
ASV_1804,0,75,75
ASV_1805,69,6,75
ASV_1806,0,75,75
ASV_1807,74,1,75
ASV_1808,0,75,75
ASV_1809,14,61,75
ASV_181,3595,74,3669
ASV_1810,75,0,75
ASV_1811,75,0,75
ASV_1812,75,0,75
ASV_1813,75,0,75
ASV_1814,75,0,75
ASV_1815,22,52,74
ASV_1816,68,6,74
ASV_1817,25,49,74
ASV_1818,44,30,74
ASV_1819,23,51,74
ASV_182,0,3616,3616
ASV_1820,60,14,74
ASV_1821,0,74,74
ASV_1822,0,74,74
ASV_1823,0,74,74
ASV_1824,74,0,74
ASV_1825,74,0,74
ASV_1826,0,73,73
ASV_1827,56,17,73
ASV_1828,0,73,73
ASV_1829,68,5,73
ASV_183,3526,0,3526
ASV_1830,0,73,73
ASV_1831,0,73,73
ASV_1832,0,73,73
ASV_1833,34,39,73
ASV_1834,73,0,73
ASV_1835,9,63,72
ASV_1836,21,51,72
ASV_1837,45,27,72
ASV_1838,72,0,72
ASV_1839,72,0,72
ASV_184,760,2723,3483
ASV_1840,72,0,72
ASV_1841,72,0,72
ASV_1842,62,9,71
ASV_1843,1,70,71
ASV_1844,2,69,71
ASV_1845,63,8,71
ASV_1846,0,71,71
ASV_1847,0,71,71
ASV_1848,70,1,71
ASV_1849,70,0,70
ASV_185,3193,254,3447
ASV_1850,71,0,71
ASV_1851,71,0,71
ASV_1852,71,0,71
ASV_1853,6,64,70
ASV_1854,10,60,70
ASV_1855,67,3,70
ASV_1856,0,70,70
ASV_1857,68,2,70
ASV_1858,56,14,70
ASV_1859,58,12,70
ASV_186,3427,0,3427
ASV_1860,70,0,70
ASV_1861,70,0,70
ASV_1862,70,0,70
ASV_1863,70,0,70
ASV_1864,43,26,69
ASV_1865,49,20,69
ASV_1866,0,69,69
ASV_1867,0,69,69
ASV_1868,0,69,69
ASV_1869,37,32,69
ASV_187,508,2899,3407
ASV_1870,69,0,69
ASV_1871,69,0,69
ASV_1872,69,0,69
ASV_1873,18,50,68
ASV_1874,36,32,68
ASV_1875,56,12,68
ASV_1876,1,67,68
ASV_1877,68,0,68
ASV_1878,68,0,68
ASV_1879,68,0,68
ASV_188,3390,0,3390
ASV_1880,68,0,68
ASV_1881,64,3,67
ASV_1882,49,18,67
ASV_1883,64,3,67
ASV_1884,1,66,67
ASV_1885,0,67,67
ASV_1886,0,67,67
ASV_1887,67,0,67
ASV_1888,67,0,67
ASV_1889,67,0,67
ASV_189,2753,614,3367
ASV_1890,67,0,67
ASV_1891,0,66,66
ASV_1892,0,66,66
ASV_1893,0,66,66
ASV_1894,26,40,66
ASV_1895,0,66,66
ASV_1896,66,0,66
ASV_1897,66,0,66
ASV_1898,66,0,66
ASV_1899,66,0,66
ASV_19,32448,2048,34496
ASV_190,2637,722,3359
ASV_1900,66,0,66
ASV_1901,66,0,66
ASV_1902,66,0,66
ASV_1903,66,0,66
ASV_1904,66,0,66
ASV_1905,0,65,65
ASV_1906,25,40,65
ASV_1907,37,28,65
ASV_1908,0,0,0
ASV_1909,65,0,65
ASV_191,828,2524,3352
ASV_1910,65,0,65
ASV_1911,65,0,65
ASV_1912,65,0,65
ASV_1913,65,0,65
ASV_1914,65,0,65
ASV_1915,3,61,64
ASV_1916,60,4,64
ASV_1917,45,19,64
ASV_1918,33,31,64
ASV_1919,52,12,64
ASV_192,3348,0,3348
ASV_1920,0,64,64
ASV_1921,0,64,64
ASV_1922,3,61,64
ASV_1923,9,55,64
ASV_1924,64,0,64
ASV_1925,64,0,64
ASV_1926,64,0,64
ASV_1927,64,0,64
ASV_1928,64,0,64
ASV_1929,64,0,64
ASV_193,3280,0,3280
ASV_1930,2,61,63
ASV_1931,0,63,63
ASV_1932,4,59,63
ASV_1933,28,35,63
ASV_1934,62,1,63
ASV_1935,0,63,63
ASV_1936,63,0,63
ASV_1937,63,0,63
ASV_1938,63,0,63
ASV_1939,63,0,63
ASV_194,430,2845,3275
ASV_1940,37,25,62
ASV_1941,32,30,62
ASV_1942,36,26,62
ASV_1943,1,61,62
ASV_1944,0,62,62
ASV_1945,0,62,62
ASV_1946,0,62,62
ASV_1947,0,0,0
ASV_1948,62,0,62
ASV_1949,62,0,62
ASV_195,3239,0,3239
ASV_1950,62,0,62
ASV_1951,62,0,62
ASV_1952,62,0,62
ASV_1953,51,10,61
ASV_1954,11,50,61
ASV_1955,20,41,61
ASV_1956,18,43,61
ASV_1957,45,16,61
ASV_1958,56,5,61
ASV_1959,36,25,61
ASV_196,2773,461,3234
ASV_1960,54,7,61
ASV_1961,0,61,61
ASV_1962,61,0,61
ASV_1963,61,0,61
ASV_1964,61,0,61
ASV_1965,61,0,61
ASV_1966,61,0,61
ASV_1967,61,0,61
ASV_1968,43,17,60
ASV_1969,13,47,60
ASV_197,3087,135,3222
ASV_1970,9,51,60
ASV_1971,56,4,60
ASV_1972,1,59,60
ASV_1973,0,60,60
ASV_1974,0,60,60
ASV_1975,60,0,60
ASV_1976,60,0,60
ASV_1977,60,0,60
ASV_1978,60,0,60
ASV_1979,60,0,60
ASV_198,3114,89,3203
ASV_1980,57,2,59
ASV_1981,22,37,59
ASV_1982,20,39,59
ASV_1983,58,1,59
ASV_1984,59,0,59
ASV_1985,59,0,59
ASV_1986,59,0,59
ASV_1987,59,0,59
ASV_1988,59,0,59
ASV_1989,59,0,59
ASV_199,3159,39,3198
ASV_1990,0,58,58
ASV_1991,0,58,58
ASV_1992,0,58,58
ASV_1993,52,6,58
ASV_1994,0,58,58
ASV_1995,20,38,58
ASV_1996,0,0,0
ASV_1997,58,0,58
ASV_1998,58,0,58
ASV_1999,58,0,58
ASV_2,1697539,39076,1736615
ASV_20,5,7,12
ASV_200,3155,37,3192
ASV_2000,58,0,58
ASV_2001,58,0,58
ASV_2002,26,31,57
ASV_2003,37,20,57
ASV_2004,1,56,57
ASV_2005,0,57,57
ASV_2006,33,24,57
ASV_2007,20,37,57
ASV_2008,57,0,57
ASV_2009,57,0,57
ASV_201,1,3190,3191
ASV_2010,57,0,57
ASV_2011,57,0,57
ASV_2012,5,51,56
ASV_2013,52,4,56
ASV_2014,54,2,56
ASV_2015,0,56,56
ASV_2016,56,0,56
ASV_2017,56,0,56
ASV_2018,56,0,56
ASV_2019,0,55,55
ASV_202,2751,405,3156
ASV_2020,43,12,55
ASV_2021,1,54,55
ASV_2022,0,55,55
ASV_2023,52,3,55
ASV_2024,0,55,55
ASV_2025,53,2,55
ASV_2026,55,0,55
ASV_2027,55,0,55
ASV_2028,4,50,54
ASV_2029,27,27,54
ASV_203,2500,626,3126
ASV_2030,0,54,54
ASV_2031,53,1,54
ASV_2032,45,9,54
ASV_2033,53,1,54
ASV_2034,0,54,54
ASV_2035,54,0,54
ASV_2036,54,0,54
ASV_2037,54,0,54
ASV_2038,54,0,54
ASV_2039,54,0,54
ASV_204,245,2873,3118
ASV_2040,54,0,54
ASV_2041,52,1,53
ASV_2042,2,51,53
ASV_2043,39,14,53
ASV_2044,0,53,53
ASV_2045,5,48,53
ASV_2046,26,27,53
ASV_2047,16,37,53
ASV_2048,51,2,53
ASV_2049,0,53,53
ASV_205,1358,1747,3105
ASV_2050,0,53,53
ASV_2051,46,7,53
ASV_2052,52,1,53
ASV_2053,0,53,53
ASV_2054,0,53,53
ASV_2055,0,53,53
ASV_2056,53,0,53
ASV_2057,53,0,53
ASV_2058,53,0,53
ASV_2059,53,0,53
ASV_206,1107,1959,3066
ASV_2060,53,0,53
ASV_2061,45,7,52
ASV_2062,8,44,52
ASV_2063,9,43,52
ASV_2064,1,51,52
ASV_2065,50,2,52
ASV_2066,0,52,52
ASV_2067,0,52,52
ASV_2068,51,1,52
ASV_2069,46,6,52
ASV_207,2685,369,3054
ASV_2070,50,2,52
ASV_2071,1,51,52
ASV_2072,21,31,52
ASV_2073,52,0,52
ASV_2074,52,0,52
ASV_2075,52,0,52
ASV_2076,52,0,52
ASV_2077,44,7,51
ASV_2078,44,7,51
ASV_2079,0,51,51
ASV_208,2246,706,2952
ASV_2080,0,51,51
ASV_2081,19,32,51
ASV_2082,0,51,51
ASV_2083,50,1,51
ASV_2084,44,7,51
ASV_2085,51,0,51
ASV_2086,51,0,51
ASV_2087,51,0,51
ASV_2088,51,0,51
ASV_2089,51,0,51
ASV_209,2656,272,2928
ASV_2090,34,16,50
ASV_2091,4,46,50
ASV_2092,4,46,50
ASV_2093,5,45,50
ASV_2094,42,8,50
ASV_2095,49,1,50
ASV_2096,36,14,50
ASV_2097,0,50,50
ASV_2098,50,0,50
ASV_2099,50,0,50
ASV_21,30504,1351,31855
ASV_210,2926,0,2926
ASV_2100,50,0,50
ASV_2101,50,0,50
ASV_2102,50,0,50
ASV_2103,16,33,49
ASV_2104,9,40,49
ASV_2105,0,49,49
ASV_2106,0,49,49
ASV_2107,2,47,49
ASV_2108,45,4,49
ASV_2109,0,49,49
ASV_211,2274,650,2924
ASV_2110,0,49,49
ASV_2111,46,3,49
ASV_2112,0,49,49
ASV_2113,0,49,49
ASV_2114,0,49,49
ASV_2115,49,0,49
ASV_2116,49,0,49
ASV_2117,49,0,49
ASV_2118,49,0,49
ASV_2119,49,0,49
ASV_212,2463,399,2862
ASV_2120,49,0,49
ASV_2121,23,25,48
ASV_2122,42,6,48
ASV_2123,21,27,48
ASV_2124,0,48,48
ASV_2125,0,48,48
ASV_2126,46,2,48
ASV_2127,0,48,48
ASV_2128,0,48,48
ASV_2129,45,3,48
ASV_213,2807,24,2831
ASV_2130,0,48,48
ASV_2131,0,48,48
ASV_2132,48,0,48
ASV_2133,48,0,48
ASV_2134,48,0,48
ASV_2135,48,0,48
ASV_2136,48,0,48
ASV_2137,48,0,48
ASV_2138,48,0,48
ASV_2139,48,0,48
ASV_214,2778,0,2778
ASV_2140,0,47,47
ASV_2141,0,47,47
ASV_2142,0,47,47
ASV_2143,13,34,47
ASV_2144,42,5,47
ASV_2145,27,20,47
ASV_2146,22,25,47
ASV_2147,0,47,47
ASV_2148,0,47,47
ASV_2149,47,0,47
ASV_215,433,2335,2768
ASV_2150,47,0,47
ASV_2151,47,0,47
ASV_2152,47,0,47
ASV_2153,47,0,47
ASV_2154,47,0,47
ASV_2155,47,0,47
ASV_2156,47,0,47
ASV_2157,47,0,47
ASV_2158,47,0,47
ASV_2159,15,31,46
ASV_216,718,2007,2725
ASV_2160,0,46,46
ASV_2161,2,44,46
ASV_2162,44,2,46
ASV_2163,0,46,46
ASV_2164,44,2,46
ASV_2165,46,0,46
ASV_2166,46,0,46
ASV_2167,46,0,46
ASV_2168,46,0,46
ASV_2169,46,0,46
ASV_217,775,1931,2706
ASV_2170,46,0,46
ASV_2171,46,0,46
ASV_2172,0,45,45
ASV_2173,42,3,45
ASV_2174,0,45,45
ASV_2175,0,45,45
ASV_2176,23,22,45
ASV_2177,0,45,45
ASV_2178,0,45,45
ASV_2179,45,0,45
ASV_218,2677,1,2678
ASV_2180,2,42,44
ASV_2181,15,29,44
ASV_2182,0,44,44
ASV_2183,22,22,44
ASV_2184,16,28,44
ASV_2185,28,16,44
ASV_2186,31,13,44
ASV_2187,35,9,44
ASV_2188,44,0,44
ASV_2189,44,0,44
ASV_219,1135,1540,2675
ASV_2190,44,0,44
ASV_2191,44,0,44
ASV_2192,44,0,44
ASV_2193,44,0,44
ASV_2194,44,0,44
ASV_2195,44,0,44
ASV_2196,41,2,43
ASV_2197,0,43,43
ASV_2198,34,9,43
ASV_2199,0,43,43
ASV_22,14070,16975,31045
ASV_220,2349,311,2660
ASV_2200,0,43,43
ASV_2201,43,0,43
ASV_2202,43,0,43
ASV_2203,43,0,43
ASV_2204,43,0,43
ASV_2205,43,0,43
ASV_2206,43,0,43
ASV_2207,43,0,43
ASV_2208,43,0,43
ASV_2209,43,0,43
ASV_221,1361,1276,2637
ASV_2210,8,34,42
ASV_2211,38,4,42
ASV_2212,0,42,42
ASV_2213,41,1,42
ASV_2214,22,20,42
ASV_2215,38,4,42
ASV_2216,42,0,42
ASV_2217,42,0,42
ASV_2218,42,0,42
ASV_2219,42,0,42
ASV_222,2625,0,2625
ASV_2220,42,0,42
ASV_2221,42,0,42
ASV_2222,42,0,42
ASV_2223,42,0,42
ASV_2224,42,0,42
ASV_2225,42,0,42
ASV_2226,0,41,41
ASV_2227,15,26,41
ASV_2228,0,41,41
ASV_2229,37,4,41
ASV_223,2619,0,2619
ASV_2230,39,2,41
ASV_2231,27,14,41
ASV_2232,0,41,41
ASV_2233,0,41,41
ASV_2234,0,41,41
ASV_2235,0,41,41
ASV_2236,31,10,41
ASV_2237,0,41,41
ASV_2238,41,0,41
ASV_2239,41,0,41
ASV_224,2044,569,2613
ASV_2240,41,0,41
ASV_2241,41,0,41
ASV_2242,41,0,41
ASV_2243,41,0,41
ASV_2244,41,0,41
ASV_2245,41,0,41
ASV_2246,41,0,41
ASV_2247,41,0,41
ASV_2248,41,0,41
ASV_2249,0,40,40
ASV_225,1808,785,2593
ASV_2250,37,3,40
ASV_2251,15,25,40
ASV_2252,0,40,40
ASV_2253,3,37,40
ASV_2254,28,12,40
ASV_2255,0,40,40
ASV_2256,39,1,40
ASV_2257,0,40,40
ASV_2258,0,40,40
ASV_2259,0,40,40
ASV_226,2592,0,2592
ASV_2260,24,16,40
ASV_2261,1,39,40
ASV_2262,40,0,40
ASV_2263,40,0,40
ASV_2264,40,0,40
ASV_2265,40,0,40
ASV_2266,40,0,40
ASV_2267,40,0,40
ASV_2268,40,0,40
ASV_2269,26,13,39
ASV_227,1833,744,2577
ASV_2270,35,4,39
ASV_2271,0,39,39
ASV_2272,0,39,39
ASV_2273,3,36,39
ASV_2274,0,39,39
ASV_2275,31,8,39
ASV_2276,2,37,39
ASV_2277,4,35,39
ASV_2278,30,9,39
ASV_2279,21,18,39
ASV_228,2185,388,2573
ASV_2280,0,39,39
ASV_2281,39,0,39
ASV_2282,39,0,39
ASV_2283,39,0,39
ASV_2284,39,0,39
ASV_2285,39,0,39
ASV_2286,39,0,39
ASV_2287,39,0,39
ASV_2288,39,0,39
ASV_2289,39,0,39
ASV_229,2346,195,2541
ASV_2290,39,0,39
ASV_2291,39,0,39
ASV_2292,17,21,38
ASV_2293,23,15,38
ASV_2294,3,30,33
ASV_2295,0,38,38
ASV_2296,7,31,38
ASV_2297,0,38,38
ASV_2298,29,9,38
ASV_2299,0,38,38
ASV_23,30341,543,30884
ASV_230,1187,6,1193
ASV_2300,0,38,38
ASV_2301,0,38,38
ASV_2302,26,12,38
ASV_2303,15,23,38
ASV_2304,0,38,38
ASV_2305,27,11,38
ASV_2306,38,0,38
ASV_2307,38,0,38
ASV_2308,38,0,38
ASV_2309,38,0,38
ASV_231,2466,0,2466
ASV_2310,38,0,38
ASV_2311,38,0,38
ASV_2312,22,15,37
ASV_2313,30,7,37
ASV_2314,6,31,37
ASV_2315,0,37,37
ASV_2316,22,15,37
ASV_2317,3,34,37
ASV_2318,0,37,37
ASV_2319,37,0,37
ASV_232,1887,570,2457
ASV_2320,37,0,37
ASV_2321,37,0,37
ASV_2322,37,0,37
ASV_2323,37,0,37
ASV_2324,37,0,37
ASV_2325,37,0,37
ASV_2326,37,0,37
ASV_2327,37,0,37
ASV_2328,37,0,37
ASV_2329,11,25,36
ASV_233,2445,0,2445
ASV_2330,7,29,36
ASV_2331,0,36,36
ASV_2332,17,19,36
ASV_2333,0,36,36
ASV_2334,0,36,36
ASV_2335,0,36,36
ASV_2336,0,36,36
ASV_2337,5,31,36
ASV_2338,2,34,36
ASV_2339,36,0,36
ASV_234,2434,1,2435
ASV_2340,36,0,36
ASV_2341,36,0,36
ASV_2342,36,0,36
ASV_2343,36,0,36
ASV_2344,36,0,36
ASV_2345,36,0,36
ASV_2346,36,0,36
ASV_2347,8,27,35
ASV_2348,14,21,35
ASV_2349,0,35,35
ASV_235,1491,935,2426
ASV_2350,0,35,35
ASV_2351,8,27,35
ASV_2352,33,2,35
ASV_2353,24,11,35
ASV_2354,25,10,35
ASV_2355,3,32,35
ASV_2356,0,35,35
ASV_2357,34,1,35
ASV_2358,5,30,35
ASV_2359,16,19,35
ASV_236,2382,3,2385
ASV_2360,34,1,35
ASV_2361,23,12,35
ASV_2362,35,0,35
ASV_2363,35,0,35
ASV_2364,35,0,35
ASV_2365,35,0,35
ASV_2366,35,0,35
ASV_2367,8,26,34
ASV_2368,0,34,34
ASV_2369,23,11,34
ASV_237,202,2155,2357
ASV_2370,0,34,34
ASV_2371,15,19,34
ASV_2372,18,16,34
ASV_2373,0,34,34
ASV_2374,4,30,34
ASV_2375,0,34,34
ASV_2376,0,34,34
ASV_2377,0,34,34
ASV_2378,0,34,34
ASV_2379,30,4,34
ASV_238,1115,1241,2356
ASV_2380,26,8,34
ASV_2381,31,3,34
ASV_2382,34,0,34
ASV_2383,34,0,34
ASV_2384,34,0,34
ASV_2385,34,0,34
ASV_2386,34,0,34
ASV_2387,29,4,33
ASV_2388,26,7,33
ASV_2389,0,33,33
ASV_239,2352,0,2352
ASV_2390,25,8,33
ASV_2391,0,33,33
ASV_2392,32,1,33
ASV_2393,33,0,33
ASV_2394,33,0,33
ASV_2395,33,0,33
ASV_2396,33,0,33
ASV_2397,33,0,33
ASV_2398,33,0,33
ASV_2399,33,0,33
ASV_24,19102,10706,29808
ASV_240,1617,732,2349
ASV_2400,33,0,33
ASV_2401,33,0,33
ASV_2402,33,0,33
ASV_2403,33,0,33
ASV_2404,33,0,33
ASV_2405,33,0,33
ASV_2406,0,32,32
ASV_2407,0,32,32
ASV_2408,0,32,32
ASV_2409,27,5,32
ASV_241,2339,1,2340
ASV_2410,30,2,32
ASV_2411,26,6,32
ASV_2412,0,32,32
ASV_2413,28,4,32
ASV_2414,0,32,32
ASV_2415,32,0,32
ASV_2416,32,0,32
ASV_2417,32,0,32
ASV_2418,32,0,32
ASV_2419,32,0,32
ASV_242,1478,854,2332
ASV_2420,32,0,32
ASV_2421,32,0,32
ASV_2422,32,0,32
ASV_2423,2,29,31
ASV_2424,30,1,31
ASV_2425,30,1,31
ASV_2426,0,31,31
ASV_2427,23,8,31
ASV_2428,24,7,31
ASV_2429,30,1,31
ASV_243,2327,0,2327
ASV_2430,5,26,31
ASV_2431,0,31,31
ASV_2432,25,6,31
ASV_2433,30,1,31
ASV_2434,0,31,31
ASV_2435,0,31,31
ASV_2436,31,0,31
ASV_2437,31,0,31
ASV_2438,31,0,31
ASV_2439,31,0,31
ASV_244,605,1718,2323
ASV_2440,31,0,31
ASV_2441,31,0,31
ASV_2442,31,0,31
ASV_2443,31,0,31
ASV_2444,31,0,31
ASV_2445,31,0,31
ASV_2446,31,0,31
ASV_2447,0,30,30
ASV_2448,16,14,30
ASV_2449,27,3,30
ASV_245,458,1864,2322
ASV_2450,11,19,30
ASV_2451,0,30,30
ASV_2452,0,30,30
ASV_2453,0,30,30
ASV_2454,28,2,30
ASV_2455,25,5,30
ASV_2456,22,0,22
ASV_2457,30,0,30
ASV_2458,30,0,30
ASV_2459,30,0,30
ASV_246,894,1426,2320
ASV_2460,30,0,30
ASV_2461,30,0,30
ASV_2462,30,0,30
ASV_2463,30,0,30
ASV_2464,30,0,30
ASV_2465,30,0,30
ASV_2466,30,0,30
ASV_2467,30,0,30
ASV_2468,30,0,30
ASV_2469,30,0,30
ASV_247,1860,458,2318
ASV_2470,0,29,29
ASV_2471,0,29,29
ASV_2472,7,22,29
ASV_2473,0,29,29
ASV_2474,0,29,29
ASV_2475,0,29,29
ASV_2476,0,29,29
ASV_2477,2,27,29
ASV_2478,0,29,29
ASV_2479,28,1,29
ASV_248,2094,221,2315
ASV_2480,29,0,29
ASV_2481,29,0,29
ASV_2482,29,0,29
ASV_2483,29,0,29
ASV_2484,0,28,28
ASV_2485,20,8,28
ASV_2486,6,22,28
ASV_2487,2,26,28
ASV_2488,13,15,28
ASV_2489,11,17,28
ASV_249,2306,1,2307
ASV_2490,0,28,28
ASV_2491,0,28,28
ASV_2492,7,21,28
ASV_2493,0,28,28
ASV_2494,28,0,28
ASV_2495,28,0,28
ASV_2496,28,0,28
ASV_2497,28,0,28
ASV_2498,28,0,28
ASV_2499,28,0,28
ASV_25,17079,11304,28383
ASV_250,187,2112,2299
ASV_2500,28,0,28
ASV_2501,13,14,27
ASV_2502,1,26,27
ASV_2503,22,5,27
ASV_2504,24,3,27
ASV_2505,0,27,27
ASV_2506,26,1,27
ASV_2507,27,0,27
ASV_2508,27,0,27
ASV_2509,27,0,27
ASV_251,2087,206,2293
ASV_2510,27,0,27
ASV_2511,27,0,27
ASV_2512,27,0,27
ASV_2513,27,0,27
ASV_2514,27,0,27
ASV_2515,27,0,27
ASV_2516,27,0,27
ASV_2517,27,0,27
ASV_2518,27,0,27
ASV_2519,27,0,27
ASV_252,1310,982,2292
ASV_2520,27,0,27
ASV_2521,27,0,27
ASV_2522,0,26,26
ASV_2523,5,21,26
ASV_2524,0,26,26
ASV_2525,23,3,26
ASV_2526,0,26,26
ASV_2527,18,8,26
ASV_2528,19,7,26
ASV_2529,0,26,26
ASV_253,2264,18,2282
ASV_2530,26,0,26
ASV_2531,26,0,26
ASV_2532,26,0,26
ASV_2533,26,0,26
ASV_2534,26,0,26
ASV_2535,26,0,26
ASV_2536,26,0,26
ASV_2537,26,0,26
ASV_2538,0,25,25
ASV_2539,22,3,25
ASV_254,2261,10,2271
ASV_2540,22,3,25
ASV_2541,0,25,25
ASV_2542,0,25,25
ASV_2543,22,3,25
ASV_2544,0,25,25
ASV_2545,0,25,25
ASV_2546,23,2,25
ASV_2547,2,23,25
ASV_2548,23,2,25
ASV_2549,0,25,25
ASV_255,1578,676,2254
ASV_2550,0,25,25
ASV_2551,0,25,25
ASV_2552,0,25,25
ASV_2553,7,18,25
ASV_2554,25,0,25
ASV_2555,25,0,25
ASV_2556,25,0,25
ASV_2557,25,0,25
ASV_2558,25,0,25
ASV_2559,25,0,25
ASV_256,1455,772,2227
ASV_2560,25,0,25
ASV_2561,25,0,25
ASV_2562,25,0,25
ASV_2563,25,0,25
ASV_2564,25,0,25
ASV_2565,25,0,25
ASV_2566,25,0,25
ASV_2567,25,0,25
ASV_2568,25,0,25
ASV_2569,25,0,25
ASV_257,244,1990,2234
ASV_2570,25,0,25
ASV_2571,8,16,24
ASV_2572,0,24,24
ASV_2573,0,24,24
ASV_2574,0,24,24
ASV_2575,13,11,24
ASV_2576,20,4,24
ASV_2577,23,1,24
ASV_2578,0,24,24
ASV_2579,1,23,24
ASV_258,2202,5,2207
ASV_2580,19,5,24
ASV_2581,3,21,24
ASV_2582,0,24,24
ASV_2583,0,24,24
ASV_2584,24,0,24
ASV_2585,24,0,24
ASV_2586,24,0,24
ASV_2587,24,0,24
ASV_2588,24,0,24
ASV_2589,24,0,24
ASV_259,1282,917,2199
ASV_2590,16,7,23
ASV_2591,0,23,23
ASV_2592,0,23,23
ASV_2593,0,23,23
ASV_2594,13,8,21
ASV_2595,0,23,23
ASV_2596,0,23,23
ASV_2597,0,23,23
ASV_2598,0,23,23
ASV_2599,1,22,23
ASV_26,7152,20424,27576
ASV_260,25,2177,2202
ASV_2600,0,23,23
ASV_2601,0,23,23
ASV_2602,23,0,23
ASV_2603,23,0,23
ASV_2604,23,0,23
ASV_2605,23,0,23
ASV_2606,23,0,23
ASV_2607,23,0,23
ASV_2608,23,0,23
ASV_2609,23,0,23
ASV_261,1373,828,2201
ASV_2610,23,0,23
ASV_2611,23,0,23
ASV_2612,20,2,22
ASV_2613,14,8,22
ASV_2614,17,5,22
ASV_2615,18,4,22
ASV_2616,0,22,22
ASV_2617,18,4,22
ASV_2618,18,4,22
ASV_2619,1,21,22
ASV_262,1360,832,2192
ASV_2620,0,22,22
ASV_2621,0,22,22
ASV_2622,3,19,22
ASV_2623,0,22,22
ASV_2624,0,22,22
ASV_2625,22,0,22
ASV_2626,22,0,22
ASV_2627,22,0,22
ASV_2628,22,0,22
ASV_2629,22,0,22
ASV_263,2175,0,2175
ASV_2630,22,0,22
ASV_2631,22,0,22
ASV_2632,22,0,22
ASV_2633,22,0,22
ASV_2634,22,0,22
ASV_2635,22,0,22
ASV_2636,22,0,22
ASV_2637,0,21,21
ASV_2638,0,21,21
ASV_2639,17,4,21
ASV_264,12,2159,2171
ASV_2640,0,21,21
ASV_2641,0,21,21
ASV_2642,13,8,21
ASV_2643,0,21,21
ASV_2644,0,21,21
ASV_2645,6,15,21
ASV_2646,20,1,21
ASV_2647,0,21,21
ASV_2648,0,21,21
ASV_2649,0,21,21
ASV_265,1747,422,2169
ASV_2650,21,0,21
ASV_2651,21,0,21
ASV_2652,21,0,21
ASV_2653,21,0,21
ASV_2654,21,0,21
ASV_2655,21,0,21
ASV_2656,21,0,21
ASV_2657,21,0,21
ASV_2658,21,0,21
ASV_2659,21,0,21
ASV_266,2102,60,2162
ASV_2660,21,0,21
ASV_2661,21,0,21
ASV_2662,0,20,20
ASV_2663,4,16,20
ASV_2664,13,7,20
ASV_2665,5,15,20
ASV_2666,6,14,20
ASV_2667,0,20,20
ASV_2668,15,5,20
ASV_2669,0,20,20
ASV_267,1698,429,2127
ASV_2670,0,20,20
ASV_2671,13,7,20
ASV_2672,13,7,20
ASV_2673,19,1,20
ASV_2674,17,3,20
ASV_2675,0,20,20
ASV_2676,0,20,20
ASV_2677,19,1,20
ASV_2678,7,13,20
ASV_2679,8,12,20
ASV_268,2125,0,2125
ASV_2680,0,20,20
ASV_2681,20,0,20
ASV_2682,20,0,20
ASV_2683,20,0,20
ASV_2684,20,0,20
ASV_2685,20,0,20
ASV_2686,20,0,20
ASV_2687,20,0,20
ASV_2688,20,0,20
ASV_2689,20,0,20
ASV_269,586,1531,2117
ASV_2690,20,0,20
ASV_2691,20,0,20
ASV_2692,20,0,20
ASV_2693,20,0,20
ASV_2694,20,0,20
ASV_2695,20,0,20
ASV_2696,20,0,20
ASV_2697,20,0,20
ASV_2698,8,11,19
ASV_2699,0,19,19
ASV_27,19735,6497,26232
ASV_270,2089,0,2089
ASV_2700,0,19,19
ASV_2701,0,19,19
ASV_2702,0,19,19
ASV_2703,1,18,19
ASV_2704,0,19,19
ASV_2705,8,11,19
ASV_2706,17,2,19
ASV_2707,2,17,19
ASV_2708,7,12,19
ASV_2709,0,19,19
ASV_271,621,1426,2047
ASV_2710,0,19,19
ASV_2711,0,19,19
ASV_2712,19,0,19
ASV_2713,19,0,19
ASV_2714,19,0,19
ASV_2715,19,0,19
ASV_2716,19,0,19
ASV_2717,19,0,19
ASV_2718,19,0,19
ASV_2719,19,0,19
ASV_272,1115,908,2023
ASV_2720,19,0,19
ASV_2721,19,0,19
ASV_2722,19,0,19
ASV_2723,19,0,19
ASV_2724,19,0,19
ASV_2725,19,0,19
ASV_2726,19,0,19
ASV_2727,0,18,18
ASV_2728,6,12,18
ASV_2729,3,15,18
ASV_273,1967,1,1968
ASV_2730,10,8,18
ASV_2731,0,18,18
ASV_2732,0,18,18
ASV_2733,4,14,18
ASV_2734,0,18,18
ASV_2735,0,18,18
ASV_2736,3,15,18
ASV_2737,0,18,18
ASV_2738,12,6,18
ASV_2739,3,15,18
ASV_274,1924,15,1939
ASV_2740,0,18,18
ASV_2741,17,1,18
ASV_2742,0,18,18
ASV_2743,18,0,18
ASV_2744,18,0,18
ASV_2745,18,0,18
ASV_2746,18,0,18
ASV_2747,18,0,18
ASV_2748,18,0,18
ASV_2749,18,0,18
ASV_275,11,1923,1934
ASV_2750,18,0,18
ASV_2751,18,0,18
ASV_2752,18,0,18
ASV_2753,18,0,18
ASV_2754,18,0,18
ASV_2755,18,0,18
ASV_2756,18,0,18
ASV_2757,15,2,17
ASV_2758,0,17,17
ASV_2759,4,13,17
ASV_276,1884,0,1884
ASV_2760,0,17,17
ASV_2761,0,17,17
ASV_2762,5,12,17
ASV_2763,0,17,17
ASV_2764,0,17,17
ASV_2765,0,17,17
ASV_2766,0,17,17
ASV_2767,16,1,17
ASV_2768,0,17,17
ASV_2769,0,17,17
ASV_277,1872,0,1872
ASV_2770,0,17,17
ASV_2771,17,0,17
ASV_2772,17,0,17
ASV_2773,17,0,17
ASV_2774,17,0,17
ASV_2775,17,0,17
ASV_2776,17,0,17
ASV_2777,17,0,17
ASV_2778,17,0,17
ASV_2779,17,0,17
ASV_278,62,1773,1835
ASV_2780,17,0,17
ASV_2781,17,0,17
ASV_2782,3,13,16
ASV_2783,11,5,16
ASV_2784,14,2,16
ASV_2785,0,16,16
ASV_2786,11,5,16
ASV_2787,12,4,16
ASV_2788,0,16,16
ASV_2789,0,16,16
ASV_279,1832,0,1832
ASV_2790,7,9,16
ASV_2791,9,7,16
ASV_2792,0,16,16
ASV_2793,0,16,16
ASV_2794,2,14,16
ASV_2795,0,16,16
ASV_2796,15,1,16
ASV_2797,0,16,16
ASV_2798,0,16,16
ASV_2799,0,16,16
ASV_28,25357,375,25732
ASV_280,1820,6,1826
ASV_2800,16,0,16
ASV_2801,16,0,16
ASV_2802,16,0,16
ASV_2803,16,0,16
ASV_2804,16,0,16
ASV_2805,16,0,16
ASV_2806,16,0,16
ASV_2807,16,0,16
ASV_2808,16,0,16
ASV_2809,16,0,16
ASV_281,0,1797,1797
ASV_2810,16,0,16
ASV_2811,16,0,16
ASV_2812,16,0,16
ASV_2813,16,0,16
ASV_2814,16,0,16
ASV_2815,16,0,16
ASV_2816,0,15,15
ASV_2817,9,6,15
ASV_2818,2,13,15
ASV_2819,0,15,15
ASV_282,47,1732,1779
ASV_2820,0,15,15
ASV_2821,8,7,15
ASV_2822,0,15,15
ASV_2823,0,15,15
ASV_2824,0,15,15
ASV_2825,0,15,15
ASV_2826,9,6,15
ASV_2827,0,15,15
ASV_2828,0,15,15
ASV_2829,0,15,15
ASV_283,1337,438,1775
ASV_2830,12,3,15
ASV_2831,15,0,15
ASV_2832,15,0,15
ASV_2833,15,0,15
ASV_2834,15,0,15
ASV_2835,15,0,15
ASV_2836,15,0,15
ASV_2837,15,0,15
ASV_2838,15,0,15
ASV_2839,15,0,15
ASV_284,664,1100,1764
ASV_2840,15,0,15
ASV_2841,15,0,15
ASV_2842,15,0,15
ASV_2843,15,0,15
ASV_2844,15,0,15
ASV_2845,15,0,15
ASV_2846,15,0,15
ASV_2847,15,0,15
ASV_2848,15,0,15
ASV_2849,15,0,15
ASV_285,1710,33,1743
ASV_2850,15,0,15
ASV_2851,12,2,14
ASV_2852,8,6,14
ASV_2853,0,14,14
ASV_2854,0,14,14
ASV_2855,12,2,14
ASV_2856,0,14,14
ASV_2857,3,11,14
ASV_2858,0,14,14
ASV_2859,0,14,14
ASV_286,1683,0,1683
ASV_2860,0,14,14
ASV_2861,14,0,14
ASV_2862,14,0,14
ASV_2863,14,0,14
ASV_2864,14,0,14
ASV_2865,14,0,14
ASV_2866,14,0,14
ASV_2867,14,0,14
ASV_2868,14,0,14
ASV_2869,14,0,14
ASV_287,1391,290,1681
ASV_2870,14,0,14
ASV_2871,14,0,14
ASV_2872,14,0,14
ASV_2873,14,0,14
ASV_2874,14,0,14
ASV_2875,14,0,14
ASV_2876,14,0,14
ASV_2877,0,13,13
ASV_2878,10,3,13
ASV_2879,0,13,13
ASV_288,1118,559,1677
ASV_2880,4,9,13
ASV_2881,3,10,13
ASV_2882,0,13,13
ASV_2883,0,13,13
ASV_2884,2,11,13
ASV_2885,0,13,13
ASV_2886,0,13,13
ASV_2887,0,13,13
ASV_2888,7,6,13
ASV_2889,12,1,13
ASV_289,1644,0,1644
ASV_2890,13,0,13
ASV_2891,13,0,13
ASV_2892,13,0,13
ASV_2893,13,0,13
ASV_2894,13,0,13
ASV_2895,13,0,13
ASV_2896,13,0,13
ASV_2897,13,0,13
ASV_2898,13,0,13
ASV_2899,13,0,13
ASV_29,22823,2870,25693
ASV_290,1610,25,1635
ASV_2900,13,0,13
ASV_2901,13,0,13
ASV_2902,13,0,13
ASV_2903,13,0,13
ASV_2904,13,0,13
ASV_2905,13,0,13
ASV_2906,13,0,13
ASV_2907,13,0,13
ASV_2908,13,0,13
ASV_2909,13,0,13
ASV_291,0,1628,1628
ASV_2910,0,12,12
ASV_2911,6,6,12
ASV_2912,0,12,12
ASV_2913,6,6,12
ASV_2914,0,12,12
ASV_2915,11,1,12
ASV_2916,3,9,12
ASV_2917,0,12,12
ASV_2918,11,1,12
ASV_2919,0,12,12
ASV_292,234,1381,1615
ASV_2920,0,12,12
ASV_2921,0,12,12
ASV_2922,0,12,12
ASV_2923,0,12,12
ASV_2924,0,12,12
ASV_2925,0,12,12
ASV_2926,0,12,12
ASV_2927,9,3,12
ASV_2928,10,2,12
ASV_2929,0,12,12
ASV_293,1333,260,1593
ASV_2930,12,0,12
ASV_2931,12,0,12
ASV_2932,12,0,12
ASV_2933,12,0,12
ASV_2934,12,0,12
ASV_2935,12,0,12
ASV_2936,12,0,12
ASV_2937,12,0,12
ASV_2938,12,0,12
ASV_2939,12,0,12
ASV_294,1585,0,1585
ASV_2940,12,0,12
ASV_2941,12,0,12
ASV_2942,12,0,12
ASV_2943,12,0,12
ASV_2944,12,0,12
ASV_2945,12,0,12
ASV_2946,0,11,11
ASV_2947,0,11,11
ASV_2948,10,1,11
ASV_2949,0,11,11
ASV_295,386,1198,1584
ASV_2950,0,11,11
ASV_2951,8,3,11
ASV_2952,5,6,11
ASV_2953,9,2,11
ASV_2954,0,11,11
ASV_2955,1,10,11
ASV_2956,2,9,11
ASV_2957,0,11,11
ASV_2958,0,11,11
ASV_2959,10,1,11
ASV_296,0,1579,1579
ASV_2960,10,1,11
ASV_2961,0,11,11
ASV_2962,7,4,11
ASV_2963,0,11,11
ASV_2964,9,2,11
ASV_2965,0,11,11
ASV_2966,9,2,11
ASV_2967,9,2,11
ASV_2968,0,11,11
ASV_2969,0,11,11
ASV_297,420,1152,1572
ASV_2970,0,11,11
ASV_2971,0,11,11
ASV_2972,0,11,11
ASV_2973,5,6,11
ASV_2974,11,0,11
ASV_2975,11,0,11
ASV_2976,11,0,11
ASV_2977,11,0,11
ASV_2978,11,0,11
ASV_2979,11,0,11
ASV_298,929,636,1565
ASV_2980,11,0,11
ASV_2981,11,0,11
ASV_2982,11,0,11
ASV_2983,11,0,11
ASV_2984,11,0,11
ASV_2985,11,0,11
ASV_2986,11,0,11
ASV_2987,11,0,11
ASV_2988,11,0,11
ASV_2989,11,0,11
ASV_299,1554,0,1554
ASV_2990,11,0,11
ASV_2991,0,10,10
ASV_2992,0,10,10
ASV_2993,3,7,10
ASV_2994,0,10,10
ASV_2995,0,10,10
ASV_2996,0,10,10
ASV_2997,0,10,10
ASV_2998,0,10,10
ASV_2999,0,10,10
ASV_3,1145033,31034,1176067
ASV_30,24620,626,25246
ASV_300,1515,1,1516
ASV_3000,7,3,10
ASV_3001,0,10,10
ASV_3002,8,2,10
ASV_3003,9,1,10
ASV_3004,0,10,10
ASV_3005,3,7,10
ASV_3006,0,10,10
ASV_3007,0,10,10
ASV_3008,10,0,10
ASV_3009,10,0,10
ASV_301,1352,163,1515
ASV_3010,10,0,10
ASV_3011,10,0,10
ASV_3012,10,0,10
ASV_3013,10,0,10
ASV_3014,10,0,10
ASV_3015,10,0,10
ASV_3016,10,0,10
ASV_3017,10,0,10
ASV_3018,10,0,10
ASV_3019,10,0,10
ASV_302,879,630,1509
ASV_3020,10,0,10
ASV_3021,10,0,10
ASV_3022,10,0,10
ASV_3023,10,0,10
ASV_3024,10,0,10
ASV_3025,10,0,10
ASV_3026,10,0,10
ASV_3027,10,0,10
ASV_3028,10,0,10
ASV_3029,10,0,10
ASV_303,1134,373,1507
ASV_3030,0,9,9
ASV_3031,0,9,9
ASV_3032,0,9,9
ASV_3033,0,9,9
ASV_3034,0,9,9
ASV_3035,0,9,9
ASV_3036,3,6,9
ASV_3037,1,8,9
ASV_3038,1,8,9
ASV_3039,0,9,9
ASV_304,1048,435,1483
ASV_3040,0,9,9
ASV_3041,8,1,9
ASV_3042,5,4,9
ASV_3043,7,2,9
ASV_3044,5,4,9
ASV_3045,0,9,9
ASV_3046,0,9,9
ASV_3047,0,9,9
ASV_3048,0,9,9
ASV_3049,8,1,9
ASV_305,1465,0,1465
ASV_3050,9,0,9
ASV_3051,9,0,9
ASV_3052,9,0,9
ASV_3053,9,0,9
ASV_3054,9,0,9
ASV_3055,9,0,9
ASV_3056,9,0,9
ASV_3057,9,0,9
ASV_3058,9,0,9
ASV_3059,9,0,9
ASV_306,781,680,1461
ASV_3060,9,0,9
ASV_3061,9,0,9
ASV_3062,9,0,9
ASV_3063,9,0,9
ASV_3064,9,0,9
ASV_3065,9,0,9
ASV_3066,9,0,9
ASV_3067,0,8,8
ASV_3068,0,8,8
ASV_3069,1,7,8
ASV_307,8,1440,1448
ASV_3070,0,8,8
ASV_3071,0,8,8
ASV_3072,0,8,8
ASV_3073,0,8,8
ASV_3074,0,8,8
ASV_3075,0,8,8
ASV_3076,0,8,8
ASV_3077,1,7,8
ASV_3078,4,4,8
ASV_3079,0,8,8
ASV_308,18,1422,1440
ASV_3080,0,8,8
ASV_3081,0,8,8
ASV_3082,0,8,8
ASV_3083,0,8,8
ASV_3084,0,8,8
ASV_3085,0,8,8
ASV_3086,1,7,8
ASV_3087,6,2,8
ASV_3088,0,8,8
ASV_3089,0,8,8
ASV_309,1436,0,1436
ASV_3090,0,8,8
ASV_3091,3,5,8
ASV_3092,0,8,8
ASV_3093,1,7,8
ASV_3094,2,6,8
ASV_3095,0,8,8
ASV_3096,8,0,8
ASV_3097,8,0,8
ASV_3098,8,0,8
ASV_3099,8,0,8
ASV_31,340,23782,24122
ASV_310,783,650,1433
ASV_3100,8,0,8
ASV_3101,8,0,8
ASV_3102,8,0,8
ASV_3103,8,0,8
ASV_3104,8,0,8
ASV_3105,8,0,8
ASV_3106,8,0,8
ASV_3107,8,0,8
ASV_3108,8,0,8
ASV_3109,8,0,8
ASV_311,362,1066,1428
ASV_3110,8,0,8
ASV_3111,8,0,8
ASV_3112,8,0,8
ASV_3113,8,0,8
ASV_3114,8,0,8
ASV_3115,8,0,8
ASV_3116,8,0,8
ASV_3117,8,0,8
ASV_3118,8,0,8
ASV_3119,8,0,8
ASV_312,1409,0,1409
ASV_3120,8,0,8
ASV_3121,8,0,8
ASV_3122,8,0,8
ASV_3123,8,0,8
ASV_3124,8,0,8
ASV_3125,8,0,8
ASV_3126,8,0,8
ASV_3127,8,0,8
ASV_3128,0,7,7
ASV_3129,3,4,7
ASV_313,1407,0,1407
ASV_3130,0,7,7
ASV_3131,0,7,7
ASV_3132,6,1,7
ASV_3133,0,7,7
ASV_3134,4,3,7
ASV_3135,2,5,7
ASV_3136,0,7,7
ASV_3137,0,7,7
ASV_3138,0,7,7
ASV_3139,0,7,7
ASV_314,937,465,1402
ASV_3140,0,7,7
ASV_3141,0,7,7
ASV_3142,0,7,7
ASV_3143,0,7,7
ASV_3144,3,4,7
ASV_3145,0,7,7
ASV_3146,6,1,7
ASV_3147,1,6,7
ASV_3148,3,4,7
ASV_3149,0,7,7
ASV_315,0,1400,1400
ASV_3150,0,7,7
ASV_3151,0,7,7
ASV_3152,0,7,7
ASV_3153,0,7,7
ASV_3154,0,7,7
ASV_3155,3,4,7
ASV_3156,6,1,7
ASV_3157,0,7,7
ASV_3158,2,5,7
ASV_3159,7,0,7
ASV_316,691,704,1395
ASV_3160,7,0,7
ASV_3161,7,0,7
ASV_3162,7,0,7
ASV_3163,7,0,7
ASV_3164,7,0,7
ASV_3165,7,0,7
ASV_3166,7,0,7
ASV_3167,7,0,7
ASV_3168,7,0,7
ASV_3169,7,0,7
ASV_317,944,435,1379
ASV_3170,7,0,7
ASV_3171,7,0,7
ASV_3172,7,0,7
ASV_3173,7,0,7
ASV_3174,7,0,7
ASV_3175,7,0,7
ASV_3176,7,0,7
ASV_3177,7,0,7
ASV_3178,7,0,7
ASV_3179,7,0,7
ASV_318,1366,0,1366
ASV_3180,7,0,7
ASV_3181,7,0,7
ASV_3182,0,6,6
ASV_3183,3,3,6
ASV_3184,2,4,6
ASV_3185,5,1,6
ASV_3186,0,6,6
ASV_3187,0,6,6
ASV_3188,0,6,6
ASV_3189,0,6,6
ASV_319,1204,157,1361
ASV_3190,0,6,6
ASV_3191,0,6,6
ASV_3192,0,6,6
ASV_3193,0,6,6
ASV_3194,0,6,6
ASV_3195,0,6,6
ASV_3196,3,3,6
ASV_3197,0,6,6
ASV_3198,1,5,6
ASV_3199,2,4,6
ASV_32,4664,19236,23900
ASV_320,0,1341,1341
ASV_3200,0,6,6
ASV_3201,0,6,6
ASV_3202,0,6,6
ASV_3203,2,4,6
ASV_3204,0,6,6
ASV_3205,0,6,6
ASV_3206,5,1,6
ASV_3207,6,0,6
ASV_3208,6,0,6
ASV_3209,6,0,6
ASV_321,604,735,1339
ASV_3210,6,0,6
ASV_3211,6,0,6
ASV_3212,6,0,6
ASV_3213,6,0,6
ASV_3214,6,0,6
ASV_3215,6,0,6
ASV_3216,6,0,6
ASV_3217,6,0,6
ASV_3218,6,0,6
ASV_3219,6,0,6
ASV_322,214,1125,1339
ASV_3220,6,0,6
ASV_3221,6,0,6
ASV_3222,6,0,6
ASV_3223,6,0,6
ASV_3224,6,0,6
ASV_3225,6,0,6
ASV_3226,6,0,6
ASV_3227,6,0,6
ASV_3228,6,0,6
ASV_3229,6,0,6
ASV_323,18,1320,1338
ASV_3230,6,0,6
ASV_3231,6,0,6
ASV_3232,6,0,6
ASV_3233,6,0,6
ASV_3234,0,5,5
ASV_3235,0,5,5
ASV_3236,0,5,5
ASV_3237,0,5,5
ASV_3238,0,5,5
ASV_3239,0,5,5
ASV_324,1321,0,1321
ASV_3240,0,5,5
ASV_3241,0,5,5
ASV_3242,0,5,5
ASV_3243,0,5,5
ASV_3244,0,5,5
ASV_3245,0,5,5
ASV_3246,0,5,5
ASV_3247,3,2,5
ASV_3248,4,1,5
ASV_3249,0,5,5
ASV_325,986,334,1320
ASV_3250,0,5,5
ASV_3251,4,1,5
ASV_3252,0,5,5
ASV_3253,0,5,5
ASV_3254,5,0,5
ASV_3255,5,0,5
ASV_3256,5,0,5
ASV_3257,5,0,5
ASV_3258,5,0,5
ASV_3259,5,0,5
ASV_326,153,1165,1318
ASV_3260,5,0,5
ASV_3261,5,0,5
ASV_3262,5,0,5
ASV_3263,5,0,5
ASV_3264,5,0,5
ASV_3265,5,0,5
ASV_3266,5,0,5
ASV_3267,5,0,5
ASV_3268,5,0,5
ASV_3269,5,0,5
ASV_327,835,475,1310
ASV_3270,5,0,5
ASV_3271,5,0,5
ASV_3272,5,0,5
ASV_3273,5,0,5
ASV_3274,5,0,5
ASV_3275,5,0,5
ASV_3276,5,0,5
ASV_3277,5,0,5
ASV_3278,5,0,5
ASV_3279,5,0,5
ASV_328,806,504,1310
ASV_3280,5,0,5
ASV_3281,0,0,0
ASV_3282,0,4,4
ASV_3283,0,4,4
ASV_3284,0,4,4
ASV_3285,0,4,4
ASV_3286,0,4,4
ASV_3287,0,4,4
ASV_3288,0,4,4
ASV_3289,0,4,4
ASV_329,1283,25,1308
ASV_3290,1,3,4
ASV_3291,0,4,4
ASV_3292,0,4,4
ASV_3293,0,4,4
ASV_3294,0,4,4
ASV_3295,0,4,4
ASV_3296,0,4,4
ASV_3297,0,4,4
ASV_3298,3,1,4
ASV_3299,0,4,4
ASV_33,1418,21948,23366
ASV_330,1306,0,1306
ASV_3300,0,4,4
ASV_3301,0,4,4
ASV_3302,0,4,4
ASV_3303,0,4,4
ASV_3304,0,4,4
ASV_3305,0,4,4
ASV_3306,0,4,4
ASV_3307,0,4,4
ASV_3308,0,4,4
ASV_3309,0,4,4
ASV_331,954,341,1295
ASV_3310,0,4,4
ASV_3311,4,0,4
ASV_3312,4,0,4
ASV_3313,4,0,4
ASV_3314,4,0,4
ASV_3315,4,0,4
ASV_3316,4,0,4
ASV_3317,4,0,4
ASV_3318,4,0,4
ASV_3319,4,0,4
ASV_332,1067,226,1293
ASV_3320,4,0,4
ASV_3321,4,0,4
ASV_3322,4,0,4
ASV_3323,4,0,4
ASV_3324,4,0,4
ASV_3325,4,0,4
ASV_3326,4,0,4
ASV_3327,4,0,4
ASV_3328,4,0,4
ASV_3329,4,0,4
ASV_333,1033,256,1289
ASV_3330,4,0,4
ASV_3331,4,0,4
ASV_3332,4,0,4
ASV_3333,4,0,4
ASV_3334,4,0,4
ASV_3335,4,0,4
ASV_3336,4,0,4
ASV_3337,4,0,4
ASV_3338,4,0,4
ASV_3339,4,0,4
ASV_334,1284,0,1284
ASV_3340,0,3,3
ASV_3341,0,3,3
ASV_3342,0,3,3
ASV_3343,0,3,3
ASV_3344,0,3,3
ASV_3345,0,3,3
ASV_3346,0,3,3
ASV_3347,2,1,3
ASV_3348,0,3,3
ASV_3349,0,3,3
ASV_335,1281,1,1282
ASV_3350,0,3,3
ASV_3351,0,3,3
ASV_3352,0,3,3
ASV_3353,0,3,3
ASV_3354,0,3,3
ASV_3355,0,3,3
ASV_3356,0,3,3
ASV_3357,2,1,3
ASV_3358,0,3,3
ASV_3359,0,3,3
ASV_336,1280,0,1280
ASV_3360,0,3,3
ASV_3361,0,3,3
ASV_3362,0,3,3
ASV_3363,0,3,3
ASV_3364,0,3,3
ASV_3365,1,2,3
ASV_3366,0,3,3
ASV_3367,0,3,3
ASV_3368,0,3,3
ASV_3369,0,3,3
ASV_337,1,1276,1277
ASV_3370,0,3,3
ASV_3371,0,3,3
ASV_3372,0,3,3
ASV_3373,0,3,3
ASV_3374,0,3,3
ASV_3375,0,3,3
ASV_3376,0,3,3
ASV_3377,0,3,3
ASV_3378,0,3,3
ASV_3379,0,3,3
ASV_338,0,1276,1276
ASV_3380,0,3,3
ASV_3381,3,0,3
ASV_3382,3,0,3
ASV_3383,3,0,3
ASV_3384,3,0,3
ASV_3385,3,0,3
ASV_3386,3,0,3
ASV_3387,3,0,3
ASV_3388,3,0,3
ASV_3389,3,0,3
ASV_339,82,1191,1273
ASV_3390,3,0,3
ASV_3391,3,0,3
ASV_3392,3,0,3
ASV_3393,3,0,3
ASV_3394,3,0,3
ASV_3395,3,0,3
ASV_3396,3,0,3
ASV_3397,3,0,3
ASV_3398,3,0,3
ASV_3399,3,0,3
ASV_34,22766,118,22884
ASV_340,209,1045,1254
ASV_3400,3,0,3
ASV_3401,3,0,3
ASV_3402,3,0,3
ASV_3403,3,0,3
ASV_3404,3,0,3
ASV_3405,3,0,3
ASV_3406,3,0,3
ASV_3407,3,0,3
ASV_3408,3,0,3
ASV_3409,3,0,3
ASV_341,796,471,1267
ASV_3410,3,0,3
ASV_3411,3,0,3
ASV_3412,3,0,3
ASV_3413,3,0,3
ASV_3414,3,0,3
ASV_3415,3,0,3
ASV_3416,3,0,3
ASV_3417,3,0,3
ASV_3418,3,0,3
ASV_3419,0,2,2
ASV_342,0,1265,1265
ASV_3420,0,2,2
ASV_3421,0,2,2
ASV_3422,0,2,2
ASV_3423,0,2,2
ASV_3424,0,2,2
ASV_3425,0,2,2
ASV_3426,0,2,2
ASV_3427,0,2,2
ASV_3428,0,2,2
ASV_3429,0,2,2
ASV_343,195,1068,1263
ASV_3430,0,2,2
ASV_3431,0,2,2
ASV_3432,0,2,2
ASV_3433,0,2,2
ASV_3434,0,2,2
ASV_3435,0,2,2
ASV_3436,0,2,2
ASV_3437,0,2,2
ASV_3438,1,1,2
ASV_3439,0,2,2
ASV_344,1029,225,1254
ASV_3440,0,2,2
ASV_3441,0,2,2
ASV_3442,0,2,2
ASV_3443,0,2,2
ASV_3444,0,2,2
ASV_3445,0,2,2
ASV_3446,0,2,2
ASV_3447,0,2,2
ASV_3448,0,2,2
ASV_3449,0,2,2
ASV_345,1249,0,1249
ASV_3450,0,2,2
ASV_3451,0,2,2
ASV_3452,2,0,2
ASV_3453,2,0,2
ASV_3454,2,0,2
ASV_3455,2,0,2
ASV_3456,2,0,2
ASV_3457,2,0,2
ASV_3458,2,0,2
ASV_3459,2,0,2
ASV_346,1226,9,1235
ASV_3460,2,0,2
ASV_3461,2,0,2
ASV_3462,2,0,2
ASV_3463,2,0,2
ASV_3464,2,0,2
ASV_3465,2,0,2
ASV_3466,2,0,2
ASV_3467,2,0,2
ASV_3468,2,0,2
ASV_3469,2,0,2
ASV_347,1227,0,1227
ASV_3470,2,0,2
ASV_3471,2,0,2
ASV_3472,2,0,2
ASV_3473,2,0,2
ASV_3474,2,0,2
ASV_3475,2,0,2
ASV_3476,2,0,2
ASV_3477,2,0,2
ASV_3478,2,0,2
ASV_3479,2,0,2
ASV_348,1225,0,1225
ASV_3480,2,0,2
ASV_3481,2,0,2
ASV_3482,2,0,2
ASV_3483,0,1,1
ASV_3484,0,1,1
ASV_3485,0,1,1
ASV_3486,0,1,1
ASV_3487,0,1,1
ASV_3488,0,1,1
ASV_3489,0,1,1
ASV_349,0,1224,1224
ASV_3490,0,1,1
ASV_3491,0,1,1
ASV_3492,0,1,1
ASV_3493,0,1,1
ASV_3494,0,1,1
ASV_3495,0,1,1
ASV_3496,0,1,1
ASV_3497,0,1,1
ASV_3498,0,1,1
ASV_3499,0,1,1
ASV_35,18695,3509,22204
ASV_350,1141,81,1222
ASV_3500,0,1,1
ASV_3501,0,1,1
ASV_3502,0,1,1
ASV_3503,0,1,1
ASV_3504,0,1,1
ASV_3505,0,1,1
ASV_3506,0,1,1
ASV_3507,0,1,1
ASV_3508,0,1,1
ASV_3509,0,1,1
ASV_351,1213,5,1218
ASV_3510,0,1,1
ASV_3511,0,1,1
ASV_3512,0,1,1
ASV_3513,0,1,1
ASV_3514,0,1,1
ASV_3515,0,1,1
ASV_3516,0,1,1
ASV_3517,0,1,1
ASV_3518,0,0,0
ASV_3519,1,0,1
ASV_352,1153,59,1212
ASV_3520,1,0,1
ASV_3521,1,0,1
ASV_3522,1,0,1
ASV_3523,1,0,1
ASV_3524,1,0,1
ASV_3525,1,0,1
ASV_3526,0,0,0
ASV_3527,1,0,1
ASV_3528,1,0,1
ASV_3529,1,0,1
ASV_353,857,350,1207
ASV_3530,1,0,1
ASV_3531,1,0,1
ASV_3532,1,0,1
ASV_3533,1,0,1
ASV_3534,1,0,1
ASV_3535,1,0,1
ASV_3536,1,0,1
ASV_3537,1,0,1
ASV_3538,1,0,1
ASV_3539,1,0,1
ASV_354,0,1204,1204
ASV_3540,1,0,1
ASV_3541,1,0,1
ASV_3542,1,0,1
ASV_3543,1,0,1
ASV_3544,1,0,1
ASV_3545,1,0,1
ASV_3546,1,0,1
ASV_3547,1,0,1
ASV_3548,1,0,1
ASV_3549,1,0,1
ASV_355,734,459,1193
ASV_3550,1,0,1
ASV_3551,0,0,0
ASV_3552,1,0,1
ASV_3553,1,0,1
ASV_3554,1,0,1
ASV_3555,1,0,1
ASV_3556,1,0,1
ASV_3557,1,0,1
ASV_3558,1,0,1
ASV_3559,1,0,1
ASV_356,1067,123,1190
ASV_3560,1,0,1
ASV_3561,1,0,1
ASV_3562,1,0,1
ASV_3563,1,0,1
ASV_3564,1,0,1
ASV_3565,1,0,1
ASV_3566,1,0,1
ASV_3567,1,0,1
ASV_3568,1,0,1
ASV_3569,1,0,1
ASV_357,1185,0,1185
ASV_3570,1,0,1
ASV_3571,1,0,1
ASV_3572,1,0,1
ASV_3573,1,0,1
ASV_3574,1,0,1
ASV_3575,1,0,1
ASV_3576,1,0,1
ASV_3577,1,0,1
ASV_3578,1,0,1
ASV_3579,1,0,1
ASV_358,11,1173,1184
ASV_3580,1,0,1
ASV_3581,1,0,1
ASV_3582,1,0,1
ASV_3583,1,0,1
ASV_3584,1,0,1
ASV_3585,1,0,1
ASV_359,687,486,1173
ASV_36,2402,19780,22182
ASV_360,834,330,1164
ASV_361,1160,0,1160
ASV_362,1149,0,1149
ASV_363,1146,0,1146
ASV_364,449,694,1143
ASV_365,914,225,1139
ASV_366,1137,0,1137
ASV_367,489,647,1136
ASV_368,574,562,1136
ASV_369,275,861,1136
ASV_37,7205,14968,22173
ASV_370,877,252,1129
ASV_371,1122,0,1122
ASV_372,1063,55,1118
ASV_373,1104,17,1121
ASV_374,772,348,1120
ASV_375,721,395,1116
ASV_376,20,1087,1107
ASV_377,680,407,1087
ASV_378,967,110,1077
ASV_379,1072,3,1075
ASV_38,15522,5864,21386
ASV_380,975,96,1071
ASV_381,1070,0,1070
ASV_382,1067,0,1067
ASV_383,452,614,1066
ASV_384,0,1062,1062
ASV_385,1060,0,1060
ASV_386,1049,4,1053
ASV_387,0,1049,1049
ASV_388,1049,0,1049
ASV_389,1008,40,1048
ASV_39,20555,83,20638
ASV_390,864,181,1045
ASV_391,217,827,1044
ASV_392,118,926,1044
ASV_393,1040,0,1040
ASV_394,174,855,1029
ASV_395,863,156,1019
ASV_396,23,993,1016
ASV_397,33,976,1009
ASV_398,765,244,1009
ASV_399,293,713,1006
ASV_4,71598,322710,394308
ASV_40,20264,132,20396
ASV_400,990,15,1005
ASV_401,1000,0,1000
ASV_402,841,154,995
ASV_403,993,0,993
ASV_404,843,149,992
ASV_405,0,988,988
ASV_406,96,885,981
ASV_407,794,186,980
ASV_408,911,69,980
ASV_409,873,104,977
ASV_41,17261,2870,20131
ASV_410,168,800,968
ASV_411,968,0,968
ASV_412,938,26,964
ASV_413,963,0,963
ASV_414,521,439,960
ASV_415,959,0,959
ASV_416,955,0,955
ASV_417,936,0,936
ASV_418,2,933,935
ASV_419,921,11,932
ASV_42,1218,18737,19955
ASV_420,724,207,931
ASV_421,926,5,931
ASV_422,929,2,931
ASV_423,819,99,918
ASV_424,641,272,913
ASV_425,912,0,912
ASV_426,342,568,910
ASV_427,717,193,910
ASV_428,581,327,908
ASV_429,901,7,908
ASV_43,2,3053,3055
ASV_430,0,907,907
ASV_431,907,0,907
ASV_432,803,102,905
ASV_433,888,0,888
ASV_434,871,10,881
ASV_435,478,401,879
ASV_436,687,186,873
ASV_437,751,108,859
ASV_438,857,0,857
ASV_439,683,167,850
ASV_44,17921,0,17921
ASV_440,835,6,841
ASV_441,1,839,840
ASV_442,830,8,838
ASV_443,405,425,830
ASV_444,7,827,834
ASV_445,713,120,833
ASV_446,516,312,828
ASV_447,743,85,828
ASV_448,788,39,827
ASV_449,7,819,826
ASV_45,11639,5552,17191
ASV_450,693,131,824
ASV_451,463,353,816
ASV_452,0,816,816
ASV_453,788,25,813
ASV_454,1,812,813
ASV_455,565,246,811
ASV_456,810,0,810
ASV_457,791,15,806
ASV_458,524,267,791
ASV_459,339,450,789
ASV_46,11192,5462,16654
ASV_460,268,517,785
ASV_461,288,496,784
ASV_462,689,95,784
ASV_463,678,99,777
ASV_464,10,766,776
ASV_465,771,4,775
ASV_466,441,330,771
ASV_467,771,0,771
ASV_468,763,0,763
ASV_469,207,555,762
ASV_47,5875,10446,16321
ASV_470,547,208,755
ASV_471,0,0,0
ASV_472,566,181,747
ASV_473,725,20,745
ASV_474,531,211,742
ASV_475,351,391,742
ASV_476,691,45,736
ASV_477,530,202,732
ASV_478,0,731,731
ASV_479,0,731,731
ASV_48,5352,10357,15709
ASV_480,730,0,730
ASV_481,450,279,729
ASV_482,581,146,727
ASV_483,727,0,727
ASV_484,49,671,720
ASV_485,690,29,719
ASV_486,718,0,718
ASV_487,714,0,714
ASV_488,71,636,707
ASV_489,666,37,703
ASV_49,13166,2466,15632
ASV_490,621,78,699
ASV_491,699,0,699
ASV_492,699,0,699
ASV_493,695,0,695
ASV_494,694,0,694
ASV_495,694,0,694
ASV_496,318,375,693
ASV_497,690,0,690
ASV_498,503,180,683
ASV_499,520,162,682
ASV_5,30048,333900,363948
ASV_50,14463,433,14896
ASV_500,373,304,677
ASV_501,628,45,673
ASV_502,590,82,672
ASV_503,603,67,670
ASV_504,648,22,670
ASV_505,658,12,670
ASV_506,482,187,669
ASV_507,649,20,669
ASV_508,238,430,668
ASV_509,644,20,664
ASV_51,1228,13354,14582
ASV_510,659,4,663
ASV_511,663,0,663
ASV_512,105,556,661
ASV_513,636,20,656
ASV_514,146,510,656
ASV_515,652,1,653
ASV_516,228,421,649
ASV_517,647,0,647
ASV_518,641,4,645
ASV_519,276,367,643
ASV_52,13092,1399,14491
ASV_520,488,154,642
ASV_521,613,29,642
ASV_522,575,67,642
ASV_523,333,307,640
ASV_524,287,352,639
ASV_525,639,0,639
ASV_526,1,636,637
ASV_527,112,524,636
ASV_528,636,0,636
ASV_529,636,0,636
ASV_53,13553,300,13853
ASV_530,622,12,634
ASV_531,630,3,633
ASV_532,633,0,633
ASV_533,629,2,631
ASV_534,192,438,630
ASV_535,597,32,629
ASV_536,621,8,629
ASV_537,383,245,628
ASV_538,4,624,628
ASV_539,587,37,624
ASV_54,13061,210,13271
ASV_540,240,382,622
ASV_541,622,0,622
ASV_542,143,477,620
ASV_543,618,2,620
ASV_544,605,14,619
ASV_545,602,8,610
ASV_546,609,0,609
ASV_547,408,201,609
ASV_548,6,600,606
ASV_549,592,12,604
ASV_55,12687,96,12783
ASV_550,392,210,602
ASV_551,599,0,599
ASV_552,598,0,598
ASV_553,365,232,597
ASV_554,26,570,596
ASV_555,308,285,593
ASV_556,559,34,593
ASV_557,424,166,590
ASV_558,234,356,590
ASV_559,551,37,588
ASV_56,10095,2317,12412
ASV_560,57,530,587
ASV_561,0,587,587
ASV_562,497,86,583
ASV_563,165,418,583
ASV_564,547,36,583
ASV_565,576,6,582
ASV_566,0,580,580
ASV_567,575,0,575
ASV_568,575,0,575
ASV_569,40,532,572
ASV_57,7238,4980,12218
ASV_570,568,3,571
ASV_571,427,145,572
ASV_572,567,4,571
ASV_573,571,0,571
ASV_574,1,569,570
ASV_575,338,230,568
ASV_576,381,184,565
ASV_577,260,301,561
ASV_578,558,0,558
ASV_579,346,209,555
ASV_58,9699,2338,12037
ASV_580,528,27,555
ASV_581,529,26,555
ASV_582,555,0,555
ASV_583,553,0,553
ASV_584,552,0,552
ASV_585,392,158,550
ASV_586,548,0,548
ASV_587,547,0,547
ASV_588,43,503,546
ASV_589,546,0,546
ASV_59,3525,8238,11763
ASV_590,340,205,545
ASV_591,2,542,544
ASV_592,299,241,540
ASV_593,530,7,537
ASV_594,537,0,537
ASV_595,367,168,535
ASV_596,6,526,532
ASV_597,33,496,529
ASV_598,495,34,529
ASV_599,470,59,529
ASV_6,41095,204659,245754
ASV_60,11575,70,11645
ASV_600,528,1,529
ASV_601,0,527,527
ASV_602,128,398,526
ASV_603,391,135,526
ASV_604,526,0,526
ASV_605,524,0,524
ASV_606,316,207,523
ASV_607,522,0,522
ASV_608,394,127,521
ASV_609,520,0,520
ASV_61,78,11401,11479
ASV_610,229,288,517
ASV_611,517,0,517
ASV_612,444,69,513
ASV_613,173,340,513
ASV_614,513,0,513
ASV_615,378,133,511
ASV_616,5,506,511
ASV_617,294,217,511
ASV_618,191,318,509
ASV_619,508,0,508
ASV_62,1535,9905,11440
ASV_620,504,0,504
ASV_621,504,0,504
ASV_622,487,13,500
ASV_623,0,499,499
ASV_624,391,107,498
ASV_625,170,325,495
ASV_626,383,112,495
ASV_627,340,155,495
ASV_628,495,0,495
ASV_629,0,494,494
ASV_63,1091,10036,11127
ASV_630,492,0,492
ASV_631,94,397,491
ASV_632,177,313,490
ASV_633,14,474,488
ASV_634,481,7,488
ASV_635,349,138,487
ASV_636,487,0,487
ASV_637,1,485,486
ASV_638,114,371,485
ASV_639,485,0,485
ASV_64,10673,0,10673
ASV_640,484,0,484
ASV_641,413,70,483
ASV_642,352,131,483
ASV_643,152,331,483
ASV_644,7,474,481
ASV_645,0,481,481
ASV_646,479,0,479
ASV_647,478,0,478
ASV_648,471,6,477
ASV_649,389,86,475
ASV_65,1356,9105,10461
ASV_650,473,0,473
ASV_651,447,25,472
ASV_652,471,0,471
ASV_653,337,130,467
ASV_654,467,2,469
ASV_655,469,0,469
ASV_656,204,263,467
ASV_657,467,0,467
ASV_658,437,29,466
ASV_659,466,0,466
ASV_66,1591,8773,10364
ASV_660,466,0,466
ASV_661,415,50,465
ASV_662,288,172,460
ASV_663,453,7,460
ASV_664,237,223,460
ASV_665,0,460,460
ASV_666,439,19,458
ASV_667,458,0,458
ASV_668,171,285,456
ASV_669,402,54,456
ASV_67,8400,1508,9908
ASV_670,455,0,455
ASV_671,275,176,451
ASV_672,51,399,450
ASV_673,417,32,449
ASV_674,449,0,449
ASV_675,449,0,449
ASV_676,0,448,448
ASV_677,439,9,448
ASV_678,7,440,447
ASV_679,209,237,446
ASV_68,6966,2908,9874
ASV_680,299,147,446
ASV_681,439,4,443
ASV_682,210,231,441
ASV_683,435,6,441
ASV_684,131,307,438
ASV_685,249,188,437
ASV_686,0,436,436
ASV_687,432,0,432
ASV_688,288,143,431
ASV_689,430,0,430
ASV_69,9113,685,9798
ASV_690,430,0,430
ASV_691,330,99,429
ASV_692,401,27,428
ASV_693,420,7,427
ASV_694,427,0,427
ASV_695,2,423,425
ASV_696,373,51,424
ASV_697,424,0,424
ASV_698,401,20,421
ASV_699,378,42,420
ASV_7,24355,125058,149413
ASV_70,9686,37,9723
ASV_700,420,0,420
ASV_701,242,175,417
ASV_702,181,236,417
ASV_703,318,98,416
ASV_704,416,0,416
ASV_705,413,2,415
ASV_706,194,220,414
ASV_707,276,137,413
ASV_708,397,15,412
ASV_709,411,0,411
ASV_71,8288,1214,9502
ASV_710,0,410,410
ASV_711,389,21,410
ASV_712,0,408,408
ASV_713,407,0,407
ASV_714,407,0,407
ASV_715,406,0,406
ASV_716,401,4,405
ASV_717,404,0,404
ASV_718,0,403,403
ASV_719,324,77,401
ASV_72,2518,6828,9346
ASV_720,176,224,400
ASV_721,390,10,400
ASV_722,400,0,400
ASV_723,399,0,399
ASV_724,1,396,397
ASV_725,111,285,396
ASV_726,389,6,395
ASV_727,395,0,395
ASV_728,356,38,394
ASV_729,136,255,391
ASV_73,6480,2710,9190
ASV_730,388,2,390
ASV_731,368,20,388
ASV_732,385,3,388
ASV_733,384,4,388
ASV_734,356,30,386
ASV_735,151,233,384
ASV_736,384,0,384
ASV_737,259,124,383
ASV_738,383,0,383
ASV_739,198,183,381
ASV_74,7778,1289,9067
ASV_740,381,0,381
ASV_741,380,0,380
ASV_742,380,0,380
ASV_743,91,288,379
ASV_744,378,0,378
ASV_745,217,160,377
ASV_746,0,377,377
ASV_747,375,0,375
ASV_748,73,301,374
ASV_749,251,121,372
ASV_75,5914,3094,9008
ASV_750,180,191,371
ASV_751,0,371,371
ASV_752,350,20,370
ASV_753,349,21,370
ASV_754,0,369,369
ASV_755,305,62,367
ASV_756,247,119,366
ASV_757,193,173,366
ASV_758,244,122,366
ASV_759,366,0,366
ASV_76,4762,4046,8808
ASV_760,366,0,366
ASV_761,55,309,364
ASV_762,364,0,364
ASV_763,363,0,363
ASV_764,361,0,361
ASV_765,360,0,360
ASV_766,47,311,358
ASV_767,307,50,357
ASV_768,101,256,357
ASV_769,356,0,356
ASV_77,8583,5,8588
ASV_770,0,355,355
ASV_771,46,308,354
ASV_772,76,278,354
ASV_773,351,3,354
ASV_774,0,352,352
ASV_775,351,0,351
ASV_776,351,0,351
ASV_777,263,87,350
ASV_778,0,350,350
ASV_779,350,0,350
ASV_78,7482,1076,8558
ASV_780,17,331,348
ASV_781,348,0,348
ASV_782,348,0,348
ASV_783,189,158,347
ASV_784,309,38,347
ASV_785,338,9,347
ASV_786,11,335,346
ASV_787,186,159,345
ASV_788,56,289,345
ASV_789,345,0,345
ASV_79,88,8346,8434
ASV_790,309,34,343
ASV_791,0,343,343
ASV_792,254,88,342
ASV_793,308,33,341
ASV_794,238,100,338
ASV_795,338,0,338
ASV_796,227,110,337
ASV_797,337,0,337
ASV_798,325,11,336
ASV_799,195,140,335
ASV_8,119124,591,119715
ASV_80,2820,5493,8313
ASV_800,335,0,335
ASV_801,334,0,334
ASV_802,320,12,332
ASV_803,0,331,331
ASV_804,246,80,326
ASV_805,318,11,329
ASV_806,146,181,327
ASV_807,327,0,327
ASV_808,182,143,325
ASV_809,325,0,325
ASV_81,7878,98,7976
ASV_810,208,116,324
ASV_811,280,43,323
ASV_812,185,137,322
ASV_813,0,322,322
ASV_814,90,232,322
ASV_815,0,322,322
ASV_816,118,203,321
ASV_817,70,251,321
ASV_818,42,278,320
ASV_819,288,32,320
ASV_82,7477,415,7892
ASV_820,12,308,320
ASV_821,76,243,319
ASV_822,157,162,319
ASV_823,319,0,319
ASV_824,244,74,318
ASV_825,265,53,318
ASV_826,318,0,318
ASV_827,16,301,317
ASV_828,271,46,317
ASV_829,263,53,316
ASV_83,6084,1799,7883
ASV_830,251,65,316
ASV_831,131,184,315
ASV_832,272,43,315
ASV_833,315,0,315
ASV_834,247,43,290
ASV_835,173,140,313
ASV_836,1,311,312
ASV_837,277,35,312
ASV_838,0,0,0
ASV_839,273,35,308
ASV_84,7387,349,7736
ASV_840,101,206,307
ASV_841,0,307,307
ASV_842,180,126,306
ASV_843,77,229,306
ASV_844,303,2,305
ASV_845,186,119,305
ASV_846,24,280,304
ASV_847,233,71,304
ASV_848,304,0,304
ASV_849,260,43,303
ASV_85,4397,3319,7716
ASV_850,272,31,303
ASV_851,301,1,302
ASV_852,301,1,302
ASV_853,302,0,302
ASV_854,7,294,301
ASV_855,247,54,301
ASV_856,301,0,301
ASV_857,301,0,301
ASV_858,300,0,300
ASV_859,196,103,299
ASV_86,7648,0,7648
ASV_860,0,299,299
ASV_861,1,298,299
ASV_862,0,298,298
ASV_863,0,298,298
ASV_864,191,107,298
ASV_865,11,286,297
ASV_866,297,0,297
ASV_867,28,268,296
ASV_868,5,291,296
ASV_869,291,4,295
ASV_87,7432,1,7433
ASV_870,125,169,294
ASV_871,77,217,294
ASV_872,88,205,293
ASV_873,111,182,293
ASV_874,287,6,293
ASV_875,182,110,292
ASV_876,0,292,292
ASV_877,255,36,291
ASV_878,284,7,291
ASV_879,187,103,290
ASV_88,7267,149,7416
ASV_880,214,76,290
ASV_881,276,14,290
ASV_882,237,52,289
ASV_883,158,131,289
ASV_884,289,0,289
ASV_885,3,285,288
ASV_886,287,0,287
ASV_887,71,216,287
ASV_888,285,2,287
ASV_889,274,13,287
ASV_89,7229,146,7375
ASV_890,207,79,286
ASV_891,1,284,285
ASV_892,19,266,285
ASV_893,0,285,285
ASV_894,285,0,285
ASV_895,0,284,284
ASV_896,0,284,284
ASV_897,284,0,284
ASV_898,284,0,284
ASV_899,220,63,283
ASV_9,61720,53904,115624
ASV_90,1,7372,7373
ASV_900,272,11,283
ASV_901,43,239,282
ASV_902,0,282,282
ASV_903,279,2,281
ASV_904,281,0,281
ASV_905,127,153,280
ASV_906,50,230,280
ASV_907,0,280,280
ASV_908,139,138,277
ASV_909,163,114,277
ASV_91,1,7087,7088
ASV_910,0,275,275
ASV_911,274,0,274
ASV_912,274,0,274
ASV_913,262,11,273
ASV_914,272,0,272
ASV_915,244,27,271
ASV_916,271,0,271
ASV_917,37,233,270
ASV_918,252,18,270
ASV_919,251,18,269
ASV_92,3,7080,7083
ASV_920,233,36,269
ASV_921,269,0,269
ASV_922,262,6,268
ASV_923,201,67,268
ASV_924,268,0,268
ASV_925,0,267,267
ASV_926,0,267,267
ASV_927,147,120,267
ASV_928,0,267,267
ASV_929,179,86,265
ASV_93,7065,13,7078
ASV_930,265,1,266
ASV_931,224,42,266
ASV_932,266,0,266
ASV_933,266,0,266
ASV_934,0,3,3
ASV_935,0,0,0
ASV_936,265,0,265
ASV_937,265,0,265
ASV_938,264,0,264
ASV_939,40,223,263
ASV_94,4388,2643,7031
ASV_940,1,260,261
ASV_941,76,185,261
ASV_942,261,0,261
ASV_943,48,212,260
ASV_944,259,1,260
ASV_945,29,231,260
ASV_946,3,256,259
ASV_947,259,0,259
ASV_948,258,0,258
ASV_949,197,60,257
ASV_95,1887,5139,7026
ASV_950,168,89,257
ASV_951,20,237,257
ASV_952,93,164,257
ASV_953,190,66,256
ASV_954,2,254,256
ASV_955,0,256,256
ASV_956,256,0,256
ASV_957,256,0,256
ASV_958,4,251,255
ASV_959,255,0,255
ASV_96,7018,7,7025
ASV_960,0,253,253
ASV_961,32,221,253
ASV_962,251,2,253
ASV_963,35,218,253
ASV_964,251,2,253
ASV_965,253,0,253
ASV_966,250,2,252
ASV_967,95,156,251
ASV_968,205,46,251
ASV_969,251,0,251
ASV_97,0,7007,7007
ASV_970,251,0,251
ASV_971,202,48,250
ASV_972,250,0,250
ASV_973,241,8,249
ASV_974,173,76,249
ASV_975,0,249,249
ASV_976,6,242,248
ASV_977,188,60,248
ASV_978,246,2,248
ASV_979,0,0,0
ASV_98,6752,247,6999
ASV_980,248,0,248
ASV_981,248,0,248
ASV_982,59,188,247
ASV_983,59,188,247
ASV_984,0,247,247
ASV_985,0,245,245
ASV_986,243,2,245
ASV_987,245,0,245
ASV_988,22,222,244
ASV_989,241,3,244
ASV_99,6879,62,6941
ASV_990,206,37,243
ASV_991,231,12,243
ASV_992,158,85,243
ASV_993,209,33,242
ASV_994,198,44,242
ASV_995,170,72,242
ASV_996,242,0,242
ASV_997,242,0,242
ASV_998,1,240,241
ASV_999,9,232,241
